2.500000000000000000e+03 3.920893228974779504e+03 8.815064093339510691e+02 2.272702087011989533e+03 1.004805854962895501e+04
2.500000000000000000e+03 4.105055780998011869e+03 9.381496416991295746e+02 2.058718950718204724e+03 1.017662848671123902e+04
2.081783558514547622e+03 2.789215229668746360e+03 6.512591625757481779e+02 1.120330914455207449e+03 9.285283652317069937e+03
1.816841613180752574e+03 2.460557363230489045e+03 5.930647553442627213e+02 1.191645703496778196e+03 9.010825685350522690e+03
2.467553254068816386e+03 3.149797608408025098e+03 9.254801843366026333e+02 2.128982269999423806e+03 9.613456146587755939e+03
2.338615851711074811e+03 3.639125871451697094e+03 7.373811897120500589e+02 2.086018530672136421e+03 1.012040684877639796e+04
2.422105220087193629e+03 3.907478688032714217e+03 1.121302077033035630e+03 1.888472476444429958e+03 1.006343816461183997e+04
2.500000000000000000e+03 2.361451141154530887e+03 9.339517569513108128e+02 2.353074096362961882e+03 9.668092869069243534e+03
1.681751172855739469e+03 2.359768382833237411e+03 5.330179889767878194e+02 1.122849245837990338e+03 8.903914340895995338e+03
2.362015120543987905e+03 4.034754056736048369e+03 1.048086976638564920e+03 1.744425385633028782e+03 1.008859893027072758e+04
2.500000000000000000e+03 3.132748319382699265e+03 9.287367228941515123e+02 2.260410461444376779e+03 9.850083467895914509e+03
2.230969275019253473e+03 3.388137232462220709e+03 8.572048098613900038e+02 1.627739335288970551e+03 9.625404406275712972e+03
2.500000000000000000e+03 4.009859707466203872e+03 9.574951339360216025e+02 2.100652844332220866e+03 1.021128062851452705e+04
2.293926389501232279e+03 2.928784638545060261e+03 7.377288440397173872e+02 1.775384324557228638e+03 9.540368508973167991e+03
2.500000000000000000e+03 3.562018403363224024e+03 8.349465226903168968e+02 2.196696300156215329e+03 1.004921967322230012e+04
2.468171414345018093e+03 2.330676618951481942e+03 9.147235592120301817e+02 2.271609165494548961e+03 9.650772355489772963e+03
2.500000000000000000e+03 4.252899981766979181e+03 1.209598082188808576e+03 1.988734764030345559e+03 1.023511636056342832e+04
2.466472626508000758e+03 3.051126679294680343e+03 1.041030863301871250e+03 2.179994849942241672e+03 1.015913440586750585e+04
2.059599906479117180e+03 3.031467772090360995e+03 7.350938320645921067e+02 1.215296535934819076e+03 9.522113174712740147e+03
2.306228896600482130e+03 3.251742473153174160e+03 7.914549738963048640e+02 1.702071855285173342e+03 9.712989430329575043e+03
1.901004267673369668e+03 2.993400573297385563e+03 4.975401952340201888e+02 1.086402827486967681e+03 9.606021691776668376e+03
2.500000000000000000e+03 4.652383092991908597e+03 1.358506432457490973e+03 2.159597233457003767e+03 1.051980924634988696e+04
2.301446442717317495e+03 3.835222606418744817e+03 9.854119023422310875e+02 1.638068073954604188e+03 9.974930561072491400e+03
2.244514304449124211e+03 2.186271121324002706e+03 7.404072454994291093e+02 1.858135227355116058e+03 9.286323417136385615e+03
2.020779341350944605e+03 3.372120310905057522e+03 6.710136573859185773e+02 1.297589573470298546e+03 9.704927659463059172e+03
2.386184094514239860e+03 2.988391224502861860e+03 9.497995996857673617e+02 1.979884686380081121e+03 9.969988834214320377e+03
2.480277422978963386e+03 4.164817466568203599e+03 1.196243307550574627e+03 1.992506726876099947e+03 1.018999141674241946e+04
2.363826702915604983e+03 2.207247875678338914e+03 7.628102510263953491e+02 1.910976127799850019e+03 9.375241256125753353e+03
2.500000000000000000e+03 4.262553613229761140e+03 1.242676655777783253e+03 1.995119467125302435e+03 1.026631126364393458e+04
2.500000000000000000e+03 4.530739881553989107e+03 1.256220198439502610e+03 2.082301409675632840e+03 1.046912054048864047e+04
1.574874202688576133e+03 2.343319060017153788e+03 5.167681951200186177e+02 8.921872294312678378e+02 8.807759192719182465e+03
1.889306902464875748e+03 2.776255115165628013e+03 6.154762306049801737e+02 1.037541509267567790e+03 9.322689683122142014e+03
2.500000000000000000e+03 4.604141465487230562e+03 1.270858365930154832e+03 2.128474360470258034e+03 1.057278849207344138e+04
2.496766955822058662e+03 2.217781378021569253e+03 7.950610161392305599e+02 2.183223536327603597e+03 9.502227512015024331e+03
2.241099676737451773e+03 3.845984680258363824e+03 9.258341758974723916e+02 1.733988840178598366e+03 9.873783526432069266e+03
1.595193425668374175e+03 1.807306930937862944e+03 6.190830468731655856e+02 1.314022458828326762e+03 8.716286154545850877e+03
2.373259767910143182e+03 3.935774005756067709e+03 1.032608774933914901e+03 1.853772357502666409e+03 1.009473185313722570e+04
2.500000000000000000e+03 4.750449683383369120e+03 1.607356540579421107e+03 2.169549649869789846e+03 1.047234672287085050e+04
1.796430643768092523e+03 2.663592325402729784e+03 5.590735957217420946e+02 9.021987041201310831e+02 9.066014817603536358e+03
1.906846228455089886e+03 2.326163723872123683e+03 5.853214869880240485e+02 1.312167451653479020e+03 9.143022416414685722e+03
1.944138599316347609e+03 2.907051844311701188e+03 5.656142870367734758e+02 1.001159228040504559e+03 9.259253506829476464e+03
1.683916648095002529e+03 2.366445586058495337e+03 5.406601499578018775e+02 1.139101523638347089e+03 8.861421904879593058e+03
1.820958648629336039e+03 2.774128189803244823e+03 4.437845063293418661e+02 7.726811527337669077e+02 9.113506667655630736e+03
2.212582985018812451e+03 2.905829824716969597e+03 7.021560806522370513e+02 1.583268797429122060e+03 9.466938945956964744e+03
2.411552955036387175e+03 3.323636561050212549e+03 8.651026144412804797e+02 1.664077486688455792e+03 9.890950154739659411e+03
1.568393204394042868e+03 2.354388408196274668e+03 4.707824482400043280e+02 8.452472531330770380e+02 8.840710537928900521e+03
2.500000000000000000e+03 3.536916416044559355e+03 1.142275352694497542e+03 1.962544072096165110e+03 9.941106916126063879e+03
1.722703944837994186e+03 2.366128751966190066e+03 5.924218565221897279e+02 1.084680674812409052e+03 8.967981615213309851e+03
1.846055189864379599e+03 2.922422344985631753e+03 5.034691564323733814e+02 1.056082024802409251e+03 9.404196871435782668e+03
1.277411686241217467e+03 1.832140337308634344e+03 4.294520469753613270e+02 8.313811808844493498e+02 8.299337047876641009e+03
2.090663168795894308e+03 2.639010552656534401e+03 6.755128771042113840e+02 1.394122562963444807e+03 9.292816329162569673e+03
2.229940047899658566e+03 3.387655276223512828e+03 6.383235712418934327e+02 1.572794096589154151e+03 9.871403606596788450e+03
1.910511295547007421e+03 2.990763970613188576e+03 5.099182543009683855e+02 1.109548973867428685e+03 9.607070925712636381e+03
1.796865737149139250e+03 2.894041255380400798e+03 4.794097624198138874e+02 9.726864103833917170e+02 9.387641366522293538e+03
1.538278355286386613e+03 2.147890224817889248e+03 4.960561982938058918e+02 9.474064732223101828e+02 8.667186178883348475e+03
1.990526001864744103e+03 3.136799544183055787e+03 5.367557468030130394e+02 1.145768851787575613e+03 9.665000576011359954e+03
1.952289885153383921e+03 2.839066682452969872e+03 5.524026807497087930e+02 1.203817623319934683e+03 9.423390046768479806e+03
2.278891403542831995e+03 3.980201924097718347e+03 8.864353536832492182e+02 1.644173260129512983e+03 1.021212329065326776e+04
1.898538390239137698e+03 2.904206993370227337e+03 6.249983657803958295e+02 9.523584524502557542e+02 9.192149643747279697e+03
1.549341628821990525e+03 2.164697357241160717e+03 4.981213081311530004e+02 9.557078194294583682e+02 8.680608336420546038e+03
2.075833784744665991e+03 3.160997360904851121e+03 5.248151318118507334e+02 1.098302033407506087e+03 9.783389312843793959e+03
2.400595034833052068e+03 3.068335538465034915e+03 1.018688824389152842e+03 2.094984129536733235e+03 9.957976074077761950e+03
2.175603689652760750e+03 2.645992777183415001e+03 7.294741896069355107e+02 1.616895198891950940e+03 9.400598581840540646e+03
1.586847571011973969e+03 2.427520277124784116e+03 4.760687413977893812e+02 9.593909528374110778e+02 8.910406375920978462e+03
1.987931047361802939e+03 3.081584524685246379e+03 5.053395119517510921e+02 1.024484119579410162e+03 9.635830083695285794e+03
1.876693407894872507e+03 2.637421439211942470e+03 6.093575901312503902e+02 1.261128426555137594e+03 9.129045548906220574e+03
2.311535134097288847e+03 2.698431363082399002e+03 7.631191465990692677e+02 1.723482464333632151e+03 9.514914754376788551e+03
1.698127115322007739e+03 2.628863469710871868e+03 5.009021224220586532e+02 9.660184036104467395e+02 9.093023898087451016e+03
1.857553391838877815e+03 2.908654738739915956e+03 5.147315144226656685e+02 1.125795441612608101e+03 9.419719635588502570e+03
1.875589487534942464e+03 2.695402156994000507e+03 5.115615844895233977e+02 9.456972695025992834e+02 9.175671750594750847e+03
2.199386085813079717e+03 2.735457025939567757e+03 7.010094680355473429e+02 1.572643392998706986e+03 9.482665364350743403e+03
1.551646182436380968e+03 2.028531131961453411e+03 5.210344238751097237e+02 1.049491681288400969e+03 8.591596719803961605e+03
1.668848519791607941e+03 2.252561666154682825e+03 5.426422609054829991e+02 1.081787528465612013e+03 8.830460073319560252e+03
1.566364666672677231e+03 2.063221770402185939e+03 4.262416735945332675e+02 9.092244200090680124e+02 8.717558549974019115e+03
1.523736723799814399e+03 2.026683890233437751e+03 5.070015924997612728e+02 1.006646346705943643e+03 8.569774185407788536e+03
1.548290584449069456e+03 2.377046149123048963e+03 5.608598431706913061e+02 9.523498349002773011e+02 8.742936110112403185e+03
1.482732884132860136e+03 2.061421364708866804e+03 5.180003102978073457e+02 7.962235945858942614e+02 8.465319561673923090e+03
1.344574114521501087e+03 2.037816317426552359e+03 4.345903003176862853e+02 7.407090193346895148e+02 8.453263066096022158e+03
2.386772373519576831e+03 2.906080943109005602e+03 8.420394694497183536e+02 1.829938358966532178e+03 9.659408491941203465e+03
2.213517370717434460e+03 3.750164138072329024e+03 8.491221019982428970e+02 1.591375034350807709e+03 9.907266808014590424e+03
2.262396348216074330e+03 2.868675540185050522e+03 9.013145545259627625e+02 1.815442381252933956e+03 9.500113594701086186e+03
1.661220248141014963e+03 2.015841810878363731e+03 4.803443334653584316e+02 9.159145988494029780e+02 8.677106598595833930e+03
1.392533898106033803e+03 2.038675007001564154e+03 4.913922462560481677e+02 8.475231974410843350e+02 8.465475890628007619e+03
1.659798409368483135e+03 2.323123832295153534e+03 5.068462831219095506e+02 1.019178626177896604e+03 8.784631428864871850e+03
2.192334081893139228e+03 2.698490574950956670e+03 6.963319359583194910e+02 1.564094852843033095e+03 9.469574009463452967e+03
1.711797925966765888e+03 2.189004064493275564e+03 5.161675786625335149e+02 1.075168594102314046e+03 8.844635666652404325e+03
1.625811096477421643e+03 2.437814014435291938e+03 4.916416976628208886e+02 8.755088467921542588e+02 8.836196104467635450e+03
1.332236480519948373e+03 1.907356101023692872e+03 4.633920976006832007e+02 8.066176168485887956e+02 8.359138725986889767e+03
1.746084664001629790e+03 2.433307871931664977e+03 5.092811524414477162e+02 1.138364593716307809e+03 8.946201050844385463e+03
2.434501653665726280e+03 3.439427263181873968e+03 1.098918995324494063e+03 1.884414498246543644e+03 9.777807656821458295e+03
1.707726451558939289e+03 2.385450999291985681e+03 5.237103245038571231e+02 1.070878453076126789e+03 8.858429445113815746e+03
1.391796932203860706e+03 2.013784116239764899e+03 4.623072368111435821e+02 8.151539216518801823e+02 8.475520741217775139e+03
1.436986178377818078e+03 2.115147413045002395e+03 4.708377237924254928e+02 8.090129065936730512e+02 8.556633673943186295e+03
1.406496041167339854e+03 2.083778899315247600e+03 4.668611427271505931e+02 8.486701609398051005e+02 8.522111188515576941e+03
1.904106770092124862e+03 2.227106347952768829e+03 5.251731024205273570e+02 1.276096592895582944e+03 8.986210312933377281e+03
1.625710991732176581e+03 2.089102069337849571e+03 5.195291437062129489e+02 1.085098481198820537e+03 8.718114743705935325e+03
1.285825216113055149e+03 1.845094689606933571e+03 4.343678805982436302e+02 8.291981731789617243e+02 8.309717767840884335e+03
2.500000000000000000e+03 4.789350514882191419e+03 1.646521268181850473e+03 2.227160230164085988e+03 1.056265846575345313e+04
1.630970642420291824e+03 2.303234596306032927e+03 5.019821400419476163e+02 9.965421256079534942e+02 8.762153545144621603e+03
1.465989361140490928e+03 2.110822022150023713e+03 5.084871069951981326e+02 1.006975539677248889e+03 8.797125937617729505e+03
1.664067213432321296e+03 2.142028386003586093e+03 5.493245788507533689e+02 1.128130371302484264e+03 8.758808091824015719e+03
1.565053377994317316e+03 2.473493874032775238e+03 4.973208605869475605e+02 8.878416961061805068e+02 8.855857005412581202e+03
1.757738390427843569e+03 2.225641218322219629e+03 5.269844121408175397e+02 1.111148612323637508e+03 8.912261856932394949e+03
1.499923230578233415e+03 2.192856280896470253e+03 5.218401154223702179e+02 9.343244301368856668e+02 8.629121371139934126e+03
2.187049283617970104e+03 4.106926807003454087e+03 7.617969618231411459e+02 1.595573690592747198e+03 1.016232893460400919e+04
1.231477015367107015e+03 1.754354371537790030e+03 4.041503830356667777e+02 7.452404877425358336e+02 8.212864125659636557e+03
1.574911458200233255e+03 2.215539632695863020e+03 5.128006388701506921e+02 9.789158426902831707e+02 8.716748654128845374e+03
1.876018726318712652e+03 3.106926807003454087e+03 5.064732673763166417e+02 1.106578739422866875e+03 9.553416441137946094e+03
