5.044185442911619521e-01 6.151929879422708691e-03
5.442501052136725637e-01 4.864962700226021716e-03
4.251793665384157594e-01 1.272670924455614368e-02
5.097260747450353957e-01 5.946003632672627881e-03
5.128386372781581493e-01 5.697120243159881081e-03
5.393185324927683988e-01 5.013946254545313674e-03
5.299427945222511260e-01 5.122796666344441203e-03
4.446604517530705625e-01 9.477841453080639716e-03
4.323545835794960213e-01 1.097177057502008064e-02
4.473633965160356829e-01 8.971982381336039009e-03
4.311461424381994312e-01 1.183661122782994797e-02
4.642694961684481481e-01 7.332122081019900803e-03
4.382522490623368405e-01 1.062918336707837849e-02
4.359985077870967562e-01 1.074881068666805502e-02
4.953464907102416159e-01 6.297882000571618580e-03
4.559156633961983229e-01 8.130749837407519678e-03
4.519570400902264140e-01 8.763192982939793305e-03
4.320997338563004053e-01 1.173739411588894076e-02
5.023410881907935943e-01 6.268665739009205914e-03
5.050738839565760419e-01 6.019455693902491834e-03
4.283051964250201848e-01 1.251172291733845636e-02
4.528115957999110375e-01 8.411378776974015245e-03
5.030390992187283583e-01 6.173202831333021549e-03
4.592495826752633348e-01 7.868941957947368088e-03
4.175368401667417517e-01 1.345133991866613934e-02
4.177919323664183171e-01 1.341398385790876398e-02
4.003178096103631733e-01 1.715513214487143431e-02
3.515019210366548963e-01 2.896351762542450498e-02
4.266149628732898158e-01 1.268809357154458868e-02
4.229886411231050802e-01 1.282520621532024993e-02
3.106771093691963470e-01 5.928750998064446359e-02
4.852269276124899777e-01 6.761074389874729453e-03
3.682321832144934137e-01 2.431171458252286491e-02
3.230334590161305641e-01 4.481475604191823003e-02
4.288004414833267997e-01 1.188185217314963356e-02
3.448971991158185091e-01 3.201724756063179661e-02
4.719944935139908093e-01 7.208541901513667270e-03
3.354003907129896045e-01 3.551915994773388596e-02
4.157954247469433651e-01 1.401094988820387501e-02
3.401856205552120649e-01 3.316121481057196507e-02
3.305174133410566650e-01 3.940432985394776155e-02
3.453335084971742575e-01 3.144423853519041911e-02
4.299303100788446907e-01 1.187126209880954089e-02
3.118353554966578067e-01 5.822986307479439960e-02
3.305545970300038938e-01 3.858685674492955131e-02
3.318362671193049174e-01 3.774857400700173948e-02
4.167947664955166109e-01 1.395286657757795548e-02
3.744994410667276119e-01 2.379408256178267705e-02
4.059855591185710932e-01 1.611786990792216448e-02
4.357887223097668405e-01 1.083243649481849084e-02
3.860728963959316196e-01 2.068123361847582983e-02
4.763189783872366356e-01 7.009678194221342223e-03
3.379312620269355749e-01 3.392527622498212048e-02
4.102548131889287020e-01 1.539255331528303732e-02
3.370556664686126247e-01 3.441240747161505159e-02
3.981727956230367016e-01 1.789502530319612289e-02
4.880682938105947999e-01 6.468638823599218851e-03
3.432714563295367061e-01 3.234573172021039389e-02
3.668727558397530397e-01 2.594177510831815678e-02
4.219416592528787424e-01 1.327459269749062254e-02
4.774345620944269175e-01 6.973360700563653591e-03
3.996360984324231480e-01 1.745607471900945118e-02
3.941612016559755127e-01 1.838854809452557595e-02
3.530068321517179086e-01 2.791213496509543229e-02
4.082883915156063637e-01 1.586774936402468930e-02
3.985961550129574205e-01 1.771146688403768543e-02
3.870925109151517329e-01 1.958011758045667336e-02
3.905907303541331088e-01 1.937421977104786253e-02
3.782423581653833744e-01 2.124740428914498325e-02
4.321382924322998420e-01 1.172487746869120377e-02
4.023898938928100466e-01 1.653424421069703623e-02
4.393417374705591016e-01 1.027534702885358683e-02
3.156091467969929787e-01 5.181297519833510945e-02
4.088319243919270041e-01 1.567627473712787309e-02
4.373837015714964749e-01 1.069672431908546065e-02
3.851285531566388531e-01 2.098317108788600935e-02
3.750722252474728569e-01 2.321167977352532261e-02
3.555558475511069738e-01 2.759587186239112130e-02
3.112890019545542786e-01 5.823556729736374671e-02
3.730688499102043920e-01 2.393664685716494211e-02
3.196769349959177609e-01 4.665907817044549072e-02
3.449394100848761635e-01 3.156699090893320264e-02
3.645878164151548084e-01 2.607650366600745492e-02
3.218928731942718446e-01 4.555704148717239915e-02
3.425054554193475709e-01 3.269048843490991729e-02
4.443561395601765551e-01 9.875921295879297804e-03
3.238955618843322726e-01 4.281660535423090913e-02
3.127280327979757857e-01 5.315531609897295590e-02
3.094730780059297692e-01 6.192823742103782669e-02
3.278897489282208144e-01 4.087413303820634780e-02
3.721522074740703512e-01 2.411030357185021955e-02
3.646065775028745626e-01 2.604304566852919459e-02
3.185060844066177621e-01 4.834894427461958188e-02
3.504565965249988868e-01 3.018308149463268947e-02
3.762591238697266527e-01 2.183884928870880385e-02
3.471327168893640902e-01 3.035569185003355458e-02
3.233445677415234254e-01 4.434669118655250319e-02
3.511767384129259040e-01 2.939658946244640483e-02
3.214394851669276076e-01 4.656904615100667527e-02
3.586339859532238772e-01 2.725856049287841282e-02
3.925745698059239230e-01 1.914266373099212867e-02
5.172273761946412085e-01 5.458605178515140224e-03
3.350183811500040409e-01 3.657176306476581096e-02
4.120421255225218404e-01 1.410585586822042485e-02
3.598280601008915225e-01 2.664409535116337227e-02
