2.483688484387119388e+03 1.687438060079785373e+03 1.956014903637420502e+03 1.829582351471113270e+03 1.147181365228576033e+04
2.500000000000000000e+03 2.126364211077548134e+03 1.768227760503573336e+03 2.589232248050684575e+03 1.149546748568716976e+04
2.314527740440229991e+03 8.142848133793540910e+02 1.307670610262804530e+03 1.348527728946802654e+03 1.157388433500005340e+04
2.481615213190123995e+03 1.750713754379579314e+03 1.916559270754590443e+03 1.957669357829684031e+03 1.146612284815758903e+04
2.500000000000000000e+03 1.751016748052431467e+03 2.016221236602103545e+03 1.927632331235020047e+03 1.164142781362979622e+04
2.483373694742248972e+03 2.112572902595445612e+03 1.735681423679196996e+03 2.530280650511285785e+03 1.150742380690813116e+04
2.500000000000000000e+03 2.002453306735980959e+03 1.928216357988304253e+03 2.184207206330006557e+03 1.166510595770417422e+04
2.443134698260499590e+03 8.272667681190440589e+02 1.328770751875817496e+03 1.486981676547040024e+03 1.179728892250651370e+04
2.364081545858603931e+03 7.769781470893615278e+02 1.306969400831809253e+03 1.470936406785549480e+03 1.208766937648888052e+04
2.420590713882604632e+03 8.794504631542923789e+02 1.372800337701862190e+03 1.596644569139901478e+03 1.217224954701733623e+04
2.318029994557366990e+03 8.922221965803428247e+02 1.356679616387316401e+03 1.413897071976595043e+03 1.166784002855110157e+04
2.500000000000000000e+03 9.505884652693043790e+02 1.407918017275483862e+03 1.756995227096584358e+03 1.251715554078065543e+04
2.362015729906373963e+03 9.003740734841599078e+02 1.367127539574046750e+03 1.470127371506294139e+03 1.165012081077594485e+04
2.360541950925837227e+03 8.678490808662691052e+02 1.389277787067873078e+03 1.432136447215895259e+03 1.176047334084501199e+04
2.500000000000000000e+03 1.473105829306120768e+03 1.695760289490562400e+03 1.908561746203805797e+03 1.190151717111469225e+04
2.464673361845845648e+03 9.093940974302856830e+02 1.387019872695448385e+03 1.664500645748898251e+03 1.231931056409260782e+04
2.418338809876387586e+03 9.783674713832632506e+02 1.437875558624822133e+03 1.583836183820516908e+03 1.191811447302598572e+04
2.365837671155543831e+03 7.769153475003763560e+02 1.337873039458451103e+03 1.420245458185766211e+03 1.163868896026065158e+04
2.470677143542674457e+03 1.662200335176547469e+03 1.944731054431399116e+03 1.855354129092399489e+03 1.155020451740729914e+04
2.496493688764004219e+03 1.589804502819360096e+03 1.622082325656475177e+03 2.135685403519038118e+03 1.179442700969619182e+04
2.332539045105316291e+03 7.900359306143271851e+02 1.323530461915976730e+03 1.409574872851883583e+03 1.163723977439353439e+04
2.438501831600820879e+03 9.212672896230060360e+02 1.384546336203410419e+03 1.649355149398953927e+03 1.226702955246234524e+04
2.498461455972751082e+03 1.585458149063738347e+03 1.619665465920415954e+03 2.057177947265200601e+03 1.159032536417690972e+04
2.482756292411770119e+03 9.233272479471932002e+02 1.397540749275292228e+03 1.684224530275767165e+03 1.230100935622526595e+04
2.266982867158099452e+03 7.983782205502759552e+02 1.353002611365360735e+03 1.280581806661552946e+03 1.179795150235348046e+04
2.333108928345950517e+03 6.440208502527598284e+02 1.232716966905627487e+03 1.288232996945799641e+03 1.171893505136783278e+04
2.192536661412292688e+03 7.108474327558585628e+02 1.188562090081945371e+03 1.116915379420963745e+03 1.154594638787738222e+04
1.931524120822822169e+03 4.115010590347056336e+02 1.147118271557463231e+03 7.257083607284176878e+02 1.148003178757478781e+04
2.301769253352638316e+03 8.219706646613706198e+02 1.312600901227265012e+03 1.444420569707095410e+03 1.168451574318744133e+04
2.303831836074409694e+03 7.979397304241122129e+02 1.357727172903023302e+03 1.315728457760111269e+03 1.173065567352181279e+04
1.582050636094129004e+03 2.037381465889927767e+02 9.729230150138238287e+02 3.286618941037466470e+02 1.106955287178350045e+04
2.500000000000000000e+03 1.349083912888815576e+03 1.689111931593154168e+03 1.734257243489179700e+03 1.184260008308637043e+04
2.041137067354359033e+03 4.525468140926980709e+02 1.167398466953879961e+03 8.921921650859161446e+02 1.161729345177815412e+04
1.707077766569225560e+03 2.861288941078808534e+02 1.036096032703463379e+03 4.808628717489730207e+02 1.131384092138793676e+04
2.328249007900286415e+03 7.798320420936684059e+02 1.267710210531064376e+03 1.507433991279932570e+03 1.211907392224561045e+04
1.878862248002695196e+03 4.078251966781551801e+02 1.115666640923705927e+03 6.792554711286680913e+02 1.119976139792528375e+04
2.492196434937992308e+03 1.187261657021565497e+03 1.582323068525745839e+03 1.614367122665304123e+03 1.173393680428487824e+04
1.796884773838783076e+03 3.926089663265479430e+02 1.110556981378416367e+03 6.142490320328297457e+02 1.142787803257890482e+04
2.266427581691028536e+03 7.191782313540373934e+02 1.233618118868923602e+03 1.397467426048750440e+03 1.198428546059483415e+04
1.853448593563901795e+03 3.811103259982202758e+02 1.104733144761153881e+03 6.343855674845750627e+02 1.129456708750626603e+04
1.760570122166644296e+03 3.304651271642008510e+02 1.045647529378161835e+03 5.935284519635926017e+02 1.150569688221057550e+04
1.878925802668210963e+03 4.119158849983475648e+02 1.147568158115062488e+03 6.795645767533367234e+02 1.131451842047571699e+04
2.376413077001682268e+03 6.352751155164672809e+02 1.296026317161338966e+03 1.534531673145362674e+03 1.199279616024217466e+04
1.606799418117338291e+03 2.000000000000000000e+02 9.459223088190680073e+02 3.083372768325695006e+02 1.107452718006165924e+04
1.772335192576949112e+03 3.384284770703141021e+02 1.080213120466554983e+03 5.589088332713351974e+02 1.132612892916425335e+04
1.792437593109923682e+03 3.385391175235516812e+02 1.099304441286647034e+03 5.468286306389185256e+02 1.121140209089284690e+04
2.323617409872465942e+03 5.375793198944463711e+02 1.250481957299106853e+03 1.444677278725791439e+03 1.196023139754424665e+04
2.071991307948580015e+03 4.561096058547501571e+02 1.080643933261875645e+03 1.036735881633948566e+03 1.157735515988073348e+04
2.200979942919942914e+03 6.976985583087576970e+02 1.207870101970429687e+03 1.319510805734201313e+03 1.184722812732418606e+04
2.361906362890838409e+03 8.166500971015826735e+02 1.286751664522342935e+03 1.556683997231012654e+03 1.206573803499300266e+04
2.141955104557217965e+03 5.233844064014028845e+02 1.177200673705459849e+03 1.054421204695001052e+03 1.149920898534693879e+04
2.500000000000000000e+03 1.037735273015059647e+03 1.547090522224536471e+03 1.981382888186597711e+03 1.244852057678618621e+04
1.821017839828972683e+03 3.829100195428280244e+02 1.099034042136190237e+03 6.557365605861898530e+02 1.159373996317915044e+04
2.291531785963002221e+03 4.956840036953614117e+02 1.229465401101827410e+03 1.388973220715710113e+03 1.192981429279783515e+04
1.839598282738747457e+03 3.502629197663688956e+02 1.120323467695133786e+03 5.871261226748891886e+02 1.128511876606454643e+04
2.118749911846497071e+03 8.250030767315411140e+02 1.337420560003270111e+03 1.087832968277855343e+03 1.157965469144378585e+04
2.500000000000000000e+03 1.374022341060117697e+03 1.669323813587192490e+03 1.817411148635076870e+03 1.211458146938942446e+04
1.876164693364668892e+03 3.787521766141665580e+02 1.088597706675587688e+03 6.768043861569283308e+02 1.129505438181761747e+04
1.993501240750822490e+03 4.759674586795764526e+02 1.160342647849633067e+03 9.813828881865977110e+02 1.152310151058906195e+04
2.269779891933204908e+03 8.469055013875783970e+02 1.346846598901255447e+03 1.353342881643242436e+03 1.171768719467560913e+04
2.489934201964295426e+03 1.190993137695071255e+03 1.525958424118898620e+03 1.847152830262543148e+03 1.210382547480976609e+04
2.198224736032725104e+03 6.173268847193864985e+02 1.215602138501545141e+03 1.193703444482933264e+03 1.176611321369477810e+04
2.171981887467939032e+03 5.366555626975406312e+02 1.194474280935153047e+03 1.227740737643214061e+03 1.187660571143444577e+04
1.957094236724879920e+03 3.692568803026773594e+02 1.132113075193939949e+03 7.684623572471180069e+02 1.172283038614149336e+04
2.219484486096115688e+03 7.047083098818835651e+02 1.223915097520983863e+03 1.303538551775881842e+03 1.172160824110912472e+04
2.170286056081758034e+03 6.976629295721664903e+02 1.280326427107820336e+03 1.110179990692814272e+03 1.161042101207370251e+04
2.161111262429714770e+03 4.976303396642424559e+02 1.175560066011038543e+03 1.067951771959370490e+03 1.179798599454194300e+04
2.136546645213490592e+03 5.962868747410296919e+02 1.191305064320310066e+03 1.143942164416791002e+03 1.179705945492565661e+04
2.086982927337225192e+03 5.088163390717405719e+02 1.200003062225766598e+03 1.010262286176797943e+03 1.194822267154817928e+04
2.312651400562399431e+03 8.736325307250341439e+02 1.309899250419198552e+03 1.530751777215717539e+03 1.192859757216965227e+04
2.235942149596492527e+03 5.690624670218928713e+02 1.181357069795488542e+03 1.233571703481822396e+03 1.175748347089346498e+04
2.336239284764042623e+03 8.868941671312884409e+02 1.475819548513232348e+03 1.596955284899465369e+03 1.218106893654029591e+04
1.632974778898377281e+03 2.710152448731268464e+02 1.054872256740031162e+03 3.380375307964631020e+02 1.095287582417616068e+04
2.220548184967152338e+03 7.139284699905041407e+02 1.230440458591180231e+03 1.307204657519350349e+03 1.172728685717517146e+04
2.323237516785575735e+03 9.583336798229844362e+02 1.412812773287956588e+03 1.500644557719424938e+03 1.185724576099634214e+04
2.078617483439419630e+03 6.300730305045575506e+02 1.196973774050891507e+03 1.110266157220648893e+03 1.169637064581583581e+04
2.049883876310473170e+03 5.364893397016153358e+02 1.173138367966667374e+03 9.946627245989971016e+02 1.165449211324435782e+04
1.944585293831924218e+03 4.395912031185198430e+02 1.124478397395750562e+03 8.232385318383517188e+02 1.168523165867084208e+04
1.601192048177829975e+03 2.000000000000000000e+02 9.472871268598651113e+02 3.125802509320899389e+02 1.116997747388266725e+04
2.041266165005736411e+03 5.263285433079447557e+02 1.176184451911670067e+03 9.535660334641519285e+02 1.152527264288481820e+04
1.717589705022547150e+03 2.000000000000000000e+02 1.005821099403191965e+03 3.868458292623470811e+02 1.148566906810740511e+04
1.858853241412992702e+03 4.274055640621105567e+02 1.105428444835535856e+03 7.445865690495529634e+02 1.151408120530939414e+04
1.995098773938867907e+03 4.781435847944947000e+02 1.132708604037824898e+03 9.040829296641696828e+02 1.148387092439288062e+04
1.688044107674376846e+03 3.255928282863789036e+02 1.082052557346843287e+03 4.168966825022481544e+02 1.099312216434472612e+04
1.860212271201121666e+03 3.751251559866478829e+02 1.116292603841121718e+03 7.029585808420918056e+02 1.137242936951335832e+04
2.331548452228524184e+03 9.759607692417923772e+02 1.450212036634653032e+03 1.672827609315839027e+03 1.218761201514465029e+04
1.728985573055292207e+03 2.911531775107348494e+02 1.084506336916038208e+03 4.449683332100165103e+02 1.118359170866472050e+04
1.644259209378831656e+03 2.000000000000000000e+02 9.614027663401531072e+02 3.000000000000000000e+02 1.151607811373217555e+04
1.514026640097576546e+03 3.179887566338284159e+02 1.022862881675536983e+03 3.000000000000000000e+02 1.095495299019391678e+04
1.733936538092014644e+03 3.613576771916439725e+02 1.101871804401417876e+03 5.235964326917460312e+02 1.112245877556890446e+04
2.020149826175760836e+03 5.415094207683724790e+02 1.158252390175134224e+03 9.945698758876402508e+02 1.164513414421408925e+04
1.997020129769713776e+03 4.765109937855740441e+02 1.137335363929120604e+03 8.969166442060118243e+02 1.148002469351424406e+04
1.691796175418281791e+03 2.214487282745669745e+02 1.002227469334459784e+03 3.721174943953814704e+02 1.138266432943565633e+04
1.907519572713158823e+03 4.325277022605688444e+02 1.129508568653244083e+03 7.431767750024495172e+02 1.135526347392316893e+04
2.078042179938992831e+03 4.940452450969444271e+02 1.184486786279568150e+03 9.993079987666244506e+02 1.191614374257969757e+04
1.891480664743344050e+03 4.037362705183124945e+02 1.123917327863963919e+03 7.318333594988856703e+02 1.155867636910884357e+04
1.716149410399372528e+03 2.713190639405978573e+02 1.016845171388522544e+03 4.984366235698246896e+02 1.151915715095418636e+04
1.961946565468114386e+03 3.238585245646764292e+02 1.093038363004876373e+03 7.374795592382606628e+02 1.150241799096244540e+04
1.673574724134174403e+03 3.329321796294037767e+02 1.018745128826781297e+03 4.528634985617057964e+02 1.124435726069624434e+04
1.959042473075878661e+03 4.572466343396748698e+02 1.130298164821955424e+03 8.518271068248052416e+02 1.158375355468111229e+04
2.128621720735248346e+03 6.529030956078988766e+02 1.218685738937524093e+03 1.147946853260604257e+03 1.171558484938577021e+04
2.500000000000000000e+03 1.805917293488598261e+03 2.057956610584890313e+03 1.974032547267905557e+03 1.170243774707677221e+04
1.789111759706620660e+03 3.929581643759404983e+02 1.099454549875420525e+03 6.172319114550392669e+02 1.128446041528680144e+04
2.222628909635365289e+03 8.021124359600820526e+02 1.337881364982144078e+03 1.279361771355091605e+03 1.195958804609396429e+04
1.968832290438480868e+03 4.681449896047755033e+02 1.191752040915563612e+03 8.162549892892202479e+02 1.154631610498390910e+04
