6.567103896460770862e-01 3.024434611098037948e-03
6.624228031987288157e-01 2.369151943732753732e-03
5.076931721889861304e-01 1.225763345534050530e-02
4.646410282480898379e-01 2.174793052089764658e-02
6.176675469955860143e-01 4.558641697160807811e-03
6.073655510729338847e-01 4.990971297724634305e-03
6.543238507689496108e-01 3.321361557260422807e-03
5.936285598626983573e-01 5.323307275614382224e-03
4.422918052973736636e-01 2.913803619611660817e-02
6.422680614610860594e-01 3.440744279466946467e-03
6.251671561788560982e-01 4.252931941051498604e-03
5.792258286172503601e-01 6.308546882392962463e-03
6.610292887158103481e-01 2.516972817690534339e-03
5.619118810766562389e-01 6.690030563425664219e-03
6.353107435471889719e-01 3.784075224674246247e-03
5.849385620519401696e-01 5.673663440272932491e-03
6.888335449772768904e-01 2.078011484349837849e-03
6.239852743922891243e-01 4.303427562477166700e-03
5.238055778158715592e-01 1.050429408058643418e-02
5.799806043910318287e-01 6.109095971928405963e-03
4.839161781623357861e-01 1.636833973175606111e-02
7.237760472167114045e-01 1.856526131432693775e-03
6.181304058318792816e-01 4.388516935188361071e-03
5.284637558278910685e-01 1.034037523786481179e-02
5.308491363380447581e-01 9.850931580260203005e-03
5.977939850925488852e-01 5.107450062085889739e-03
6.813956085280806763e-01 2.352513764466980257e-03
5.459534380008367327e-01 7.543842642717183550e-03
6.921082076211824141e-01 2.040184146102760540e-03
7.078869697431842134e-01 2.017553360179136137e-03
4.270657071945339611e-01 3.557615139268916621e-02
4.812607635810683959e-01 1.681162437091911904e-02
7.136911740285939443e-01 1.893698707445849380e-03
5.727551932174519411e-01 6.350332656657972120e-03
6.088258657223288850e-01 4.921435165511886360e-03
4.248232833152120747e-01 3.679803220643393380e-02
6.412754242028018137e-01 3.557960064805370907e-03
7.484721042691114823e-01 1.758981713863651090e-03
4.608809768969826526e-01 2.227563036080999065e-02
4.708614770169862185e-01 1.899235386897878131e-02
4.876447358912625596e-01 1.524473078966962283e-02
4.437265184610555968e-01 2.903812420630529079e-02
4.568654862076141354e-01 2.261971275567152898e-02
5.446189119890555430e-01 8.613763076897710397e-03
6.005529621387089012e-01 4.995837978504998750e-03
4.235993568558715783e-01 3.754087800030531108e-02
6.518047403789577476e-01 3.397239956613946725e-03
4.490880804028897777e-01 2.648043080402539065e-02
4.756432051818810236e-01 1.877215453293385253e-02
4.020775345058762440e-01 8.054371931195920820e-02
5.113725876657302383e-01 1.172588019083692368e-02
5.608921472201729985e-01 6.729025187406539529e-03
4.862349384418991893e-01 1.602756152978610654e-02
4.659787918612289248e-01 2.090569205143595621e-02
4.187126139476655684e-01 4.151508876842763263e-02
5.027726345216729786e-01 1.244947358092263721e-02
4.898501108522135272e-01 1.482883740885724243e-02
6.141653549306039794e-01 4.583801947081885333e-03
4.860489047702453713e-01 1.632987366925283193e-02
4.198987435141461333e-01 4.030920708179467488e-02
5.114416602626364883e-01 1.053298785156714726e-02
6.119398450852895355e-01 4.694398636186526870e-03
5.318850380959460056e-01 9.529923149173990041e-03
4.306204115276055511e-01 3.488512840636541490e-02
4.945291083883180949e-01 1.290219212882930989e-02
4.802649371628219810e-01 1.826872829962003508e-02
5.555214574649486314e-01 7.420377572809374288e-03
4.481364618825737778e-01 2.722404766675441332e-02
4.790721961344507895e-01 1.838477676956281823e-02
4.669329331035512731e-01 1.919129155087551802e-02
5.348045626669999386e-01 8.712187985078181929e-03
4.190851676199163212e-01 4.124060679642438387e-02
4.359413567180394633e-01 3.020015718168238272e-02
4.165202192942847881e-01 4.666019906592822758e-02
4.171479393586209894e-01 4.458573877438904570e-02
4.295394430288017595e-01 3.557118148333478225e-02
4.109136534191316081e-01 4.686776073325779612e-02
4.060748387433449902e-01 6.832692261398258526e-02
5.814286711406244645e-01 5.823390733893102009e-03
5.908642573125137964e-01 5.383127115676714439e-03
5.693901311925033681e-01 6.659004236432254469e-03
4.224449126677571331e-01 3.806465975279987174e-02
4.082309240599740208e-01 5.638338115482847274e-02
4.352770785413405119e-01 3.146666352746095574e-02
5.319547775644276610e-01 9.208344193124457649e-03
4.367439689447799034e-01 3.002174597452652097e-02
4.331018166118202894e-01 3.312289286313316317e-02
4.033102714063530603e-01 6.872530670971152555e-02
4.500845447386025433e-01 2.616417957236954681e-02
6.334969106981657161e-01 4.248313876630331783e-03
4.437878639730323260e-01 2.828423493761023089e-02
4.075214852831676171e-01 6.003379586807511964e-02
4.104227560678220810e-01 5.237010600096263235e-02
4.098624974117460740e-01 5.630208020155614418e-02
4.635035512331392993e-01 2.198647905563792804e-02
4.270032178164559489e-01 3.564818645363640459e-02
4.024168999549612158e-01 7.869838744725796142e-02
7.550490911580849396e-01 1.680420734326354025e-03
4.315670053798593697e-01 3.319650544746946541e-02
4.158747656596511466e-01 4.679365073923231338e-02
4.335591956197377139e-01 3.158703737546543489e-02
4.298259642481770393e-01 3.523780616713940300e-02
4.439287317736999583e-01 2.747147169054807089e-02
4.185152201508554604e-01 4.268204265025848931e-02
5.966967341613257370e-01 5.113452156259326760e-03
4.002418852232748625e-01 9.197423963892729926e-02
4.247077151688366525e-01 3.722102071937973683e-02
4.863394927198386175e-01 1.601118013609342111e-02
