1.781000000000000000e+03 3.070000000000000000e+03
1.352000000000000000e+03 2.426000000000000000e+03
1.605742892158954874e+03 2.806910075874980976e+03
1.697372809515850804e+03 2.997885124050032118e+03
1.570371836733481359e+03 2.753923473258022113e+03
1.790537260152837916e+03 3.512292107982831112e+03
1.394046994955877381e+03 2.489205336453716427e+03
2.000000000000000000e+03 5.769015174555077465e+03
1.691557534567641824e+03 3.111887008045973744e+03
2.000000000000000000e+03 4.254123965664438401e+03
1.894809350928916274e+03 3.350147811869716861e+03
1.362173344987457085e+03 2.586974254677465069e+03
1.701761350968978832e+03 3.227835888599485770e+03
1.964195933946252808e+03 4.039707033331773800e+03
1.909472790744150643e+03 4.227835888599485770e+03
2.000000000000000000e+03 5.039707033331773346e+03
1.989659022408721057e+03 4.293257267320612300e+03
1.768146347162047050e+03 3.550828840908370694e+03
2.000000000000000000e+03 4.213834006952450181e+03
2.000000000000000000e+03 5.506736834650379024e+03
2.000000000000000000e+03 3.879909988108106063e+03
2.000000000000000000e+03 4.893102218002980408e+03
1.614803425697861030e+03 2.973150106567280091e+03
1.956483687785568691e+03 3.442200703477920797e+03
2.000000000000000000e+03 5.213312601817361610e+03
1.041407504986077583e+03 1.977167121201575355e+03
1.484026074788459027e+03 2.606806538117492892e+03
1.696161079857584127e+03 2.962073165378611520e+03
2.000000000000000000e+03 5.348046376048516322e+03
1.359586785810668289e+03 2.499389904402463799e+03
2.000000000000000000e+03 5.284467133080774147e+03
1.597159396727398644e+03 2.887144560052124234e+03
1.326819739891779136e+03 2.421926615242610751e+03
1.538758043991933846e+03 2.789552060607022213e+03
1.591871309439789229e+03 2.699238459706501544e+03
1.286997938052738846e+03 2.291687974345948987e+03
1.884127249711301147e+03 3.699238459706501544e+03
1.870144806330964002e+03 3.823083157117795054e+03
2.000000000000000000e+03 5.095000934064195462e+03
1.502565364282389737e+03 2.634334582258079081e+03
2.000000000000000000e+03 3.634334582258079081e+03
1.543407962161703153e+03 2.801236854782320734e+03
1.562903860354601647e+03 2.776869230544540187e+03
1.742200354911393561e+03 3.229236051424235484e+03
1.672983381331565852e+03 2.949422689084921331e+03
1.278373444641908009e+03 2.194434865822358006e+03
1.950093341577842921e+03 4.143597805569407683e+03
1.398546298370553131e+03 2.550224647647974052e+03
1.797987244689331192e+03 3.235159782616555276e+03
1.437513140420980562e+03 2.499168114717585468e+03
1.453108862635484684e+03 2.748335412754317076e+03
1.295554565565907751e+03 2.207573455146314245e+03
2.000000000000000000e+03 4.580679419787871666e+03
1.762625220152163365e+03 3.140713638096337490e+03
1.243599228383907302e+03 2.128336672553296921e+03
1.801593529275470019e+03 3.207573455146314245e+03
1.998145146857059217e+03 4.431277480743944579e+03
1.402571020111293365e+03 2.501003042495471163e+03
1.230541231878273038e+03 2.125235054174908328e+03
1.099664646176004680e+03 2.032409110945031443e+03
1.529870792013857681e+03 2.670925372802536003e+03
1.975070599848133725e+03 4.660263782238902422e+03
1.378649349397798915e+03 2.426289535735296795e+03
2.000000000000000000e+03 4.032409110945031443e+03
1.661531750738788105e+03 3.185030547032980394e+03
2.000000000000000000e+03 4.666005210487054683e+03
1.649818652149606805e+03 2.979530001924770659e+03
1.529948522622236851e+03 2.551548517842812089e+03
1.954345146140431325e+03 3.979530001924770659e+03
1.172020152440888069e+03 2.116560908859190477e+03
1.825921839389454135e+03 3.234192684830158214e+03
1.811068657080112871e+03 3.699259524296340714e+03
1.975371590038284921e+03 3.456053226299960443e+03
1.641523348199186785e+03 3.026014148275183743e+03
1.740949184387347941e+03 3.062178250391604706e+03
1.548481299442545833e+03 2.936800036554368944e+03
1.540363705123394084e+03 2.588521722023877828e+03
1.590746122813348620e+03 2.783659580271396862e+03
1.655254725809123329e+03 3.054367154321997987e+03
1.734210337902944275e+03 3.065285595738754637e+03
1.769858773652307264e+03 3.405805345238499285e+03
1.616607159794993095e+03 2.824851920322050773e+03
1.708795163780406256e+03 3.021769183191423508e+03
1.734460367342224572e+03 3.217516447893341137e+03
1.521278460398332982e+03 2.652509296206222643e+03
1.698581389153072450e+03 3.046868247062070623e+03
1.724070289498934699e+03 3.041223888834838363e+03
1.884307295996637549e+03 3.794406715826154141e+03
2.000000000000000000e+03 4.353378133361428809e+03
1.351283893190699473e+03 2.322914009704652017e+03
1.695765624386032187e+03 3.039578802319799706e+03
2.000000000000000000e+03 4.348770695827587588e+03
1.664135766380764153e+03 2.898948763480300840e+03
1.957281812306437587e+03 3.980827264189491871e+03
2.000000000000000000e+03 4.575304407782788076e+03
1.569624313327650725e+03 2.738753563920419310e+03
1.675464295223956469e+03 2.987597905151929353e+03
2.000000000000000000e+03 4.980827264189491871e+03
1.639294460161191409e+03 2.899322905471776266e+03
1.376041442088570648e+03 2.464619102731988733e+03
1.458967399361701382e+03 2.611992996513389699e+03
1.325895461192111497e+03 2.321818786203764375e+03
1.687367819700262544e+03 3.446692397684036678e+03
1.931206533871124748e+03 3.611992996513389699e+03
1.323578446899135542e+03 2.397651075311424847e+03
1.972742506238859278e+03 3.495771323908476461e+03
1.636780518599946163e+03 3.058527122120132390e+03
2.000000000000000000e+03 4.446692397684037132e+03
1.955462196010810430e+03 4.214636777454908042e+03
1.998009948092587820e+03 3.777413193290843992e+03
1.185065283594996117e+03 2.203648366245156012e+03
2.000000000000000000e+03 4.495771323908476916e+03
1.837965675065994674e+03 3.261950895750769632e+03
2.000000000000000000e+03 4.451216143812168411e+03
1.428012325125732787e+03 2.300164067157323643e+03
2.000000000000000000e+03 4.777413193290843992e+03
2.000000000000000000e+03 4.261950895750769632e+03
2.000000000000000000e+03 5.128410360013290301e+03
1.815102907165949773e+03 3.300164067157323643e+03
1.991352801555946826e+03 4.494209123799956615e+03
2.000000000000000000e+03 4.848692197258173110e+03
2.000000000000000000e+03 4.300164067157324098e+03
2.000000000000000000e+03 5.214636777454908042e+03
1.721841406078618093e+03 3.180892661853180016e+03
1.991546588856659127e+03 4.800490995078106607e+03
1.994916205534822438e+03 3.809790901355153892e+03
2.000000000000000000e+03 4.246764430506022109e+03
2.000000000000000000e+03 4.749334885778966054e+03
1.362785923387421917e+03 2.424659039013504753e+03
2.000000000000000000e+03 3.779690333785114944e+03
1.534824551185449309e+03 2.714720655675534090e+03
