7.996648485440941423e-01 1.381716999568411153e-01
7.244976367481286150e-01 2.279332270762392532e-01
7.671118671762797714e-01 1.715764032872166278e-01
7.885362035422441851e-01 1.492636636239488279e-01
7.608542977226382398e-01 1.788793729446931935e-01
8.396727693903642820e-01 1.092849021286354805e-01
7.312026177336491406e-01 2.180129801901665165e-01
1.110178246543855218e+00 4.553013525485064689e-02
7.981014452350988497e-01 1.409596908630679490e-01
9.254289882342199292e-01 6.965583005987616150e-02
8.317021434869311669e-01 1.124280594407210815e-01
7.386630735117248880e-01 2.115328946353355055e-01
8.089026452486266505e-01 1.321129998469447453e-01
9.005818521914790153e-01 7.729707214379562263e-02
9.158528217698554963e-01 7.486093467788983158e-02
1.019011539388428478e+00 5.561346533992623381e-02
9.288034115471990315e-01 6.920424634662324104e-02
8.418256824465060184e-01 1.086330834230664621e-01
9.211221503789205345e-01 7.065960542188964855e-02
1.076917372918067217e+00 4.897948329306090615e-02
8.875227091815527380e-01 8.083301769929975011e-02
1.001237928654512110e+00 5.793486443015717635e-02
7.820252219381961245e-01 1.572073323569339043e-01
8.442516168583241720e-01 1.036426374544201778e-01
1.040266900639456482e+00 5.309790000633091839e-02
6.852106496574823513e-01 3.081278460524382035e-01
7.445848793334892690e-01 1.991508586433749228e-01
7.853522581759700971e-01 1.521837396993128977e-01
1.057063539888027259e+00 5.120123210531291047e-02
7.310178005987076899e-01 2.200727732233683787e-01
1.049115915217577744e+00 5.209623758874749877e-02
7.736898470339048650e-01 1.654840339171148034e-01
7.234580015312915835e-01 2.306088099576266426e-01
7.624188828361334602e-01 1.782066245060315857e-01
7.572451558294559515e-01 1.821543449813938509e-01
7.114871684885509806e-01 2.476737585590425839e-01
8.627367444021447618e-01 9.447349228071187655e-02
8.729649463881564708e-01 8.984144999449880653e-02
1.025763284617257076e+00 5.480831610757259942e-02
7.476784342853988186e-01 1.950675015761998976e-01
8.651039907334151513e-01 9.130634122212566428e-02
7.636363710291123041e-01 1.768309664429082440e-01
7.624682712863564138e-01 1.774502532023323198e-01
8.113441656088219434e-01 1.292759835430670745e-01
7.829760406749252111e-01 1.548149252417236332e-01
7.030349355148456381e-01 2.587769792253106771e-01
9.100777305316861687e-01 7.504331389006645148e-02
7.365750888954210041e-01 2.117301125619254487e-01
8.152424732215651781e-01 1.253852341684453808e-01
7.335964639013622390e-01 2.133210445918281573e-01
7.553746821884013141e-01 1.887842072688652173e-01
7.045335720376045829e-01 2.557340886964863946e-01
9.632464788638908093e-01 6.308319457183610146e-02
8.047202865395277627e-01 1.340590315980215996e-01
6.967801311962511512e-01 2.692723160326965792e-01
8.130191172397638333e-01 1.269967243006945579e-01
9.451272765077173288e-01 6.590224376450021238e-02
7.324858439818400235e-01 2.161151473350016450e-01
6.963173461395980590e-01 2.708966914795141179e-01
6.883491595284301212e-01 2.950806696300588006e-01
7.519187083160510099e-01 1.894914475244140750e-01
9.708539999157813627e-01 6.283473179055878988e-02
7.253143056652298082e-01 2.255342205243297538e-01
9.025324727528336588e-01 7.574581249942677341e-02
8.028331372476215089e-01 1.378385180910471075e-01
9.736106570149420936e-01 6.161588348029692352e-02
7.843588416289152265e-01 1.540842305031286108e-01
7.418271601537308468e-01 2.007916434010861284e-01
8.936871588539060385e-01 7.964147051292318202e-02
6.950181419158963925e-01 2.779057570048173442e-01
8.168911235321637543e-01 1.237583600403119738e-01
8.579245020080291662e-01 9.875159190122133335e-02
8.468705361404944565e-01 1.018434359017079405e-01
7.880017220080116624e-01 1.511009246121032823e-01
7.966027646096438541e-01 1.413487549577109315e-01
7.756991473323848751e-01 1.651936537338246913e-01
7.454456299907583627e-01 1.964319441400593780e-01
7.643818712535883630e-01 1.747226677604621081e-01
7.911531665684070624e-01 1.479103660646624019e-01
7.964788445655750504e-01 1.415542209566274801e-01
8.286434221183026638e-01 1.164853347370533726e-01
7.692261452047852721e-01 1.692358651712024542e-01
7.912329168414645730e-01 1.466076139940362955e-01
8.098472587077403251e-01 1.305673007246873907e-01
7.500104127519149344e-01 1.918789828834927547e-01
7.928283994785217947e-01 1.453656675148189692e-01
7.937896235030164060e-01 1.440683322506287889e-01
8.713705196512877560e-01 9.024788968983300796e-02
9.362637504928210674e-01 6.737851098540635630e-02
7.157622781901765707e-01 2.384988111539314004e-01
7.920365258277090037e-01 1.461221321991427735e-01
9.357419185502262593e-01 6.747574233638908847e-02
7.781437564089774828e-01 1.595575832072106681e-01
8.940387438747408044e-01 7.945257118210438674e-02
9.625936736394826720e-01 6.317797905869780573e-02
7.595106660268732268e-01 1.802671471504606049e-01
7.864233461816233506e-01 1.515920521942017984e-01
1.011850119917068858e+00 5.652956849130179318e-02
7.768658170259168383e-01 1.613157477389084715e-01
7.285274360033351382e-01 2.220031440842444304e-01
7.440492117818798823e-01 2.007289775784185937e-01
7.149746518271473672e-01 2.409072162879642709e-01
8.275118333782017777e-01 1.195721145428796928e-01
8.581075075685086206e-01 9.603979048839528243e-02
7.213077872697271076e-01 2.333405946591902702e-01
8.503309171119990406e-01 9.979570964855369319e-02
7.905752822176609351e-01 1.489731427365777461e-01
9.471204456981533459e-01 6.552540778455137604e-02
9.177805978044939472e-01 7.281875838902322762e-02
8.781109771765650551e-01 8.501311178236445332e-02
7.025097008965739409e-01 2.672742420988052925e-01
9.530088089903485660e-01 6.461101151801303122e-02
8.201344532440096868e-01 1.212454548608168370e-01
9.476626166300662346e-01 6.544050223187487803e-02
7.164325687457074876e-01 2.343165274060863557e-01
9.871658496945955319e-01 5.978818093508179304e-02
9.262697025606930756e-01 6.946800462665612963e-02
1.029841856616457774e+00 5.432492017316330191e-02
8.220389807194863341e-01 1.201421054254930010e-01
9.521168169762666000e-01 6.503433762343367730e-02
9.958452916464327620e-01 5.864632770230278347e-02
9.303930245895563056e-01 6.856685929369892019e-02
1.040430668008403225e+00 5.307925122721340178e-02
8.058695976984872056e-01 1.339097642143654843e-01
9.892884684970366660e-01 5.978657640232783871e-02
8.807981158301437796e-01 8.381576709621278709e-02
9.246435797886921604e-01 6.983689241027227212e-02
9.837407791862354811e-01 6.023788241718362746e-02
7.246994135744172505e-01 2.271049588994517587e-01
8.784670691362737038e-01 8.481743517808107424e-02
7.558335416736426948e-01 1.851019014121053907e-01
