2.330284963805707775e+03 2.136552704285476466e+03 1.420933485549966690e+03 3.000000000000000000e+02 1.046323304593281864e+04
2.307003800468161899e+03 1.591888390685007380e+03 1.518925210201417485e+03 3.000000000000000000e+02 1.039208390552614947e+04
2.273521030719525697e+03 1.612127063884711333e+03 1.523679871066643045e+03 3.000000000000000000e+02 1.029581408037100118e+04
2.365576869121816799e+03 2.017221538560373801e+03 1.241342640509107468e+03 3.000000000000000000e+02 1.040430147496632344e+04
2.298954791126348482e+03 1.591162424204953140e+03 1.514223403550171042e+03 3.188040004916460930e+02 1.031028056543069397e+04
2.391499899966613157e+03 1.989780931601191469e+03 1.178931518424570413e+03 3.000000000000000000e+02 1.037653562905213039e+04
2.450629888366354407e+03 1.752118652425617256e+03 1.709039815007756943e+03 3.179131470121885741e+02 1.072172845046462680e+04
1.990715611720154357e+03 9.427988514899066104e+02 1.322354818681674942e+03 3.000000000000000000e+02 9.929816026171132762e+03
2.500000000000000000e+03 1.934781551313399177e+03 1.651696867106105856e+03 3.678182105038588929e+02 1.056813373108376254e+04
2.288988293929511656e+03 1.598631326547262233e+03 1.546321951647454625e+03 3.259480159989652748e+02 1.032284029999012091e+04
2.304347560325745235e+03 1.517118977413344737e+03 1.451803832839810184e+03 3.000000000000000000e+02 1.031111086651875667e+04
2.477295319434379508e+03 1.754474101141711117e+03 1.651828698807551064e+03 3.273409087401674924e+02 1.064779442693631245e+04
1.864110158018991115e+03 8.147353813489019103e+02 1.305836594372242871e+03 3.042648092063431022e+02 9.756299383189285436e+03
2.044213799434602606e+03 9.183079393340453862e+02 1.334242088604040418e+03 3.000000000000000000e+02 9.993123047800947461e+03
2.033602583633560926e+03 9.181119721171288575e+02 1.239620475284085842e+03 3.000000000000000000e+02 9.934896023237903137e+03
2.500000000000000000e+03 2.098166526559669364e+03 1.589779707660482245e+03 3.555758279283255661e+02 1.066252820975542636e+04
2.126178088458367711e+03 1.115143150601428260e+03 1.427835422574006316e+03 3.053130052755873294e+02 1.016467037219262420e+04
2.135421693744508957e+03 1.204078998469186899e+03 1.376135127025614338e+03 3.093281246230415036e+02 1.009719207327702497e+04
1.839542912218892752e+03 7.461814231781288527e+02 1.315199040053829549e+03 3.000000000000000000e+02 9.707812852589999238e+03
2.214104549805520946e+03 1.131634463169411219e+03 1.375836310977403627e+03 3.000000000000000000e+02 1.003966832409106610e+04
2.500000000000000000e+03 1.727001184396885265e+03 1.195061639686163517e+03 3.000000000000000000e+02 1.039680358237240762e+04
2.483450908014180186e+03 2.152911027103633387e+03 1.717530051818837592e+03 5.778069365667175816e+02 1.078495252067965157e+04
2.500000000000000000e+03 2.626898894013951576e+03 1.779202333843364386e+03 9.199080223606007394e+02 1.113403345974657532e+04
2.274008665380483762e+03 1.279215423949478918e+03 1.136743275110543436e+03 3.000000000000000000e+02 1.006253788033619276e+04
1.761687919521558342e+03 7.536111903652749788e+02 1.250862506878987688e+03 3.000000000000000000e+02 9.574255316060311088e+03
2.500000000000000000e+03 2.292186002432306395e+03 1.610613207341460111e+03 6.069641837806045714e+02 1.077610367604196290e+04
2.391443607593944307e+03 1.519266405593166610e+03 1.409322875745120655e+03 3.000000000000000000e+02 1.041673690531463762e+04
1.762840046132589350e+03 4.547521164735749153e+02 1.176084050638325834e+03 3.000000000000000000e+02 9.526582942521663426e+03
2.329115776050105069e+03 1.497576631842564666e+03 1.394161591185848692e+03 3.317092808334861047e+02 1.023258642072967996e+04
2.314928582406081659e+03 1.370564587103693157e+03 1.158046898250121558e+03 3.000000000000000000e+02 1.011720020474434568e+04
1.755160179559616608e+03 6.257013145923090178e+02 1.189675645068737822e+03 3.000000000000000000e+02 9.490591784365564308e+03
1.604364347265125161e+03 4.839052146154235743e+02 1.136677031100008207e+03 3.000000000000000000e+02 9.310700135117824175e+03
2.286057337863256635e+03 1.587622171662031633e+03 1.555437049830883552e+03 3.347349381974199218e+02 1.032498215249388886e+04
2.029265571961477690e+03 8.089285839353448182e+02 1.292720255134214995e+03 3.000000000000000000e+02 9.781502463058655849e+03
1.728876392616341491e+03 6.004333316152032012e+02 1.160082491204163262e+03 3.000000000000000000e+02 9.455239426842495959e+03
1.844973176102323805e+03 7.841951384123003663e+02 1.163519387097417621e+03 3.265349856121895868e+02 9.586247009515358513e+03
2.278577045331203408e+03 1.282227616073099625e+03 1.280376363748142012e+03 3.000000000000000000e+02 1.009854257109113860e+04
2.500000000000000000e+03 2.592745887123851389e+03 1.769500055942822200e+03 6.891317262785130424e+02 1.112536200712156642e+04
2.479799589869524880e+03 2.168007961030938986e+03 1.712995197210605738e+03 6.096095130072889106e+02 1.079117230381971603e+04
2.500000000000000000e+03 2.039686909617653782e+03 1.600649094152938687e+03 3.632138743273100658e+02 1.061481107737205093e+04
1.536683242182445156e+03 3.064867437589864494e+02 1.107634297840718091e+03 3.000000000000000000e+02 9.212671147563565683e+03
1.722338182678617386e+03 3.710735917536487705e+02 1.146457040019411806e+03 3.000000000000000000e+02 9.346146710506271120e+03
2.207469455221620137e+03 1.112469340109613086e+03 1.395942660068322084e+03 3.000000000000000000e+02 1.004989552325037766e+04
1.790976744962260909e+03 6.890585588854968364e+02 1.212013023179487163e+03 3.000000000000000000e+02 9.540200461479469595e+03
1.972652632158609094e+03 7.681119331826585039e+02 1.234061434511805828e+03 3.000000000000000000e+02 9.571378978247794294e+03
2.416716800518999207e+03 1.710258105086594014e+03 1.436188276647008706e+03 3.768444457989585885e+02 1.036171750876383885e+04
1.669794588230534828e+03 3.776621747485135074e+02 1.163708522397394290e+03 3.000000000000000000e+02 9.365333696035602770e+03
2.064445506044916783e+03 1.012775013004534912e+03 1.341570185655248451e+03 3.000000000000000000e+02 9.963865446031310057e+03
1.830319063787592313e+03 6.301595747072576614e+02 1.177116694667506863e+03 3.000000000000000000e+02 9.528743596996240740e+03
1.564496907653287053e+03 3.957747249093669666e+02 1.103009461810682751e+03 3.000000000000000000e+02 9.202893427458580845e+03
2.121823343125395240e+03 1.186460678304693374e+03 1.371560946080711119e+03 3.081694054891302130e+02 1.007941280376687610e+04
1.960554885890360538e+03 8.936904935897911173e+02 1.301405882631203895e+03 3.046457479655654765e+02 9.803035344942149095e+03
2.243539887561862088e+03 1.320844734624544799e+03 1.203756191906807089e+03 3.000000000000000000e+02 1.006038155668807849e+04
2.271223105938036497e+03 1.618397248656950978e+03 1.409111679382350076e+03 4.458153947412238836e+02 1.035876080175629068e+04
2.500000000000000000e+03 2.267407864447452084e+03 1.728532287739247522e+03 5.878974379221667732e+02 1.092072264300123243e+04
2.500000000000000000e+03 1.805620842217199879e+03 1.767886386249313773e+03 3.083959067966598582e+02 1.054018613052441651e+04
2.345483024843642852e+03 1.671821501891391335e+03 1.581658276057107969e+03 3.750574130024212423e+02 1.053154691932429705e+04
1.772222886269526043e+03 6.032942330966641293e+02 1.159320843366425606e+03 3.006480746516022577e+02 9.449654845589670003e+03
2.254859849937927720e+03 1.283196160517486078e+03 1.128436391854314024e+03 3.000000000000000000e+02 1.006884705758937162e+04
1.925618517445542466e+03 8.269960415563891729e+02 1.039184807169966234e+03 3.000000000000000000e+02 9.609221691523653135e+03
1.944439134928436260e+03 8.974291202500312465e+02 1.173210808161582463e+03 3.000000000000000000e+02 9.662468603528743188e+03
1.618170791494706236e+03 6.222661853858123777e+02 1.081997459446198263e+03 3.000000000000000000e+02 9.367922274352264139e+03
2.500000000000000000e+03 1.866109348021415371e+03 1.795301072060376100e+03 3.070981764186207101e+02 1.064248716653716474e+04
1.466789501150817614e+03 2.000000000000000000e+02 1.070693038831306239e+03 3.000000000000000000e+02 9.015366990219168656e+03
2.500000000000000000e+03 2.562253600823336456e+03 1.692921812914069960e+03 6.933100814589015499e+02 1.095513454704369178e+04
1.498493144893632916e+03 3.229357685797951945e+02 1.111777099723567062e+03 3.000000000000000000e+02 9.181527144221574417e+03
2.009766256151954394e+03 7.817269635497004856e+02 1.181410950221272969e+03 3.000000000000000000e+02 9.699028130700953625e+03
2.287052454693180607e+03 1.353543271829584455e+03 1.225091972282569031e+03 3.298155512411132122e+02 1.007552710401542390e+04
2.500000000000000000e+03 2.282587425115480983e+03 1.783197124851447370e+03 6.090207488704580783e+02 1.091509900217032191e+04
1.501012575712114085e+03 2.864907415736863072e+02 1.091848657524875307e+03 3.000000000000000000e+02 9.160560320895307086e+03
2.216275460008199389e+03 1.234886666450502162e+03 1.148051415870265828e+03 3.000000000000000000e+02 9.998497399549265538e+03
1.579430539976007140e+03 3.890069569221195707e+02 1.107707070718569867e+03 3.000000000000000000e+02 9.250120544336601597e+03
1.584273286385241818e+03 4.320860773577322220e+02 1.131290128677176199e+03 3.069856716060563713e+02 9.282894724846084500e+03
1.850734553341488208e+03 7.279615978954743696e+02 1.033074499499016611e+03 3.000000000000000000e+02 9.507057449311607343e+03
2.310088468411132908e+03 1.418306513391200951e+03 1.243538680940210270e+03 3.513441877193585015e+02 1.011866586723948421e+04
2.137948457931251596e+03 9.325881727721506422e+02 1.176737103200485990e+03 3.000000000000000000e+02 9.853801528514590245e+03
1.429178838050011336e+03 2.000000000000000000e+02 1.016063463977000424e+03 3.000000000000000000e+02 9.037841066156817760e+03
1.780539233687111391e+03 5.062980275202070288e+02 1.096565486430716646e+03 3.000000000000000000e+02 9.488027028039117795e+03
2.042464379544559961e+03 1.041333143955047035e+03 1.070643409893382568e+03 3.000000000000000000e+02 9.816000804545747087e+03
1.471051250006432838e+03 2.441552361133267937e+02 1.077771552957007998e+03 3.000000000000000000e+02 9.113292376037597933e+03
1.584790121579892684e+03 3.801190685383999153e+02 1.116676245305147859e+03 3.000000000000000000e+02 9.217880295009121255e+03
2.383757600963487221e+03 1.714104558156072017e+03 1.450877964133545674e+03 3.085308183172100485e+02 1.037149332758426499e+04
2.500000000000000000e+03 2.313666272589629443e+03 1.499952474202685607e+03 5.843552315843805900e+02 1.075258743408082228e+04
1.610494490982289790e+03 4.336442880878514075e+02 1.079208522614625508e+03 3.000000000000000000e+02 9.266959275167189844e+03
1.649565828847909188e+03 4.786203822114648574e+02 1.089143758265265888e+03 3.000000000000000000e+02 9.323601425055834625e+03
2.500000000000000000e+03 2.136694988081765587e+03 1.602443151015657804e+03 3.683777652687124942e+02 1.070502098808865412e+04
2.113066626655563596e+03 1.174984659959372948e+03 1.139160365398479144e+03 3.354633792994254691e+02 9.911830860152076639e+03
2.436537624926653280e+03 2.041139677282569664e+03 1.627394567896282069e+03 4.889244672625006842e+02 1.064111104362632977e+04
2.127135545000958246e+03 9.869031688995223703e+02 1.215005702075006866e+03 3.034636505568761891e+02 9.894225608783348434e+03
2.041413101828318759e+03 9.516400574101377288e+02 1.149204816675513484e+03 3.000000000000000000e+02 9.781701959797535892e+03
1.925031567759710015e+03 7.509024230636275661e+02 1.133547310163252405e+03 3.026185995553577754e+02 9.654444561922902722e+03
2.384293056155782779e+03 1.317569556549064146e+03 1.205444124239397524e+03 3.000000000000000000e+02 1.010554722269305239e+04
1.568847275159676201e+03 3.491566408964094421e+02 1.116730748490009546e+03 3.000000000000000000e+02 9.202824409120163182e+03
2.405833176842220382e+03 1.699049814725908618e+03 1.439645737353407640e+03 3.069227809439973953e+02 1.038743377618202248e+04
1.714420705908466289e+03 4.574010156539496279e+02 1.088611832761386722e+03 3.000000000000000000e+02 9.399326992409009108e+03
1.531866592094975658e+03 3.133462986747656487e+02 1.079983492267776910e+03 3.000000000000000000e+02 9.163210606878456019e+03
2.173674363263253326e+03 1.230967765437388152e+03 1.205370115834860826e+03 3.002950190999287088e+02 9.990846253459401851e+03
2.314823600528614861e+03 1.363173745329794428e+03 1.157235960608915320e+03 3.000000000000000000e+02 1.012717221281682214e+04
1.675524466905106920e+03 4.970604554076102204e+02 1.072244971289756677e+03 3.000000000000000000e+02 9.339715762617275686e+03
2.281458974700437011e+03 1.364457274053018409e+03 1.177840773530909928e+03 3.122920945201324798e+02 1.010652684822095398e+04
2.400321238841371269e+03 1.585797190550387086e+03 1.332358505969422822e+03 4.013647285783825964e+02 1.032300347653045355e+04
2.133274864529579645e+03 1.068544061719820547e+03 1.216242457928077556e+03 3.016011356345736658e+02 9.894243206976008878e+03
2.185441431903294870e+03 1.140707789348227607e+03 1.203193313915273166e+03 3.030376045620826062e+02 9.978366980199953105e+03
2.297284779077399435e+03 1.430501536263359867e+03 1.350098063796208407e+03 3.213247749469990140e+02 1.022773932926193265e+04
2.487981619585314547e+03 2.317569556549064146e+03 1.732083091152745737e+03 6.599556850598978599e+02 1.105757915845227944e+04
1.845040036901461008e+03 7.693205228396316215e+02 1.301356471561116905e+03 3.000000000000000000e+02 9.629648738413861793e+03
2.067148364745483377e+03 1.066394822953692483e+03 1.205044023971301158e+03 3.000000000000000000e+02 9.882444204075936796e+03
1.678511073707708192e+03 5.791675507992714529e+02 1.205535157864660050e+03 3.000000000000000000e+02 9.444945243286945697e+03
2.184640332730530190e+03 1.219087381545283506e+03 1.160221462014310191e+03 3.002728456895595741e+02 9.979130339874620404e+03
1.506356363930598945e+03 3.362544554022755392e+02 1.047476781693458634e+03 3.036726894252535089e+02 9.121244751337984781e+03
1.912106206734960779e+03 8.274004117185479572e+02 1.123963516308120916e+03 3.000000000000000000e+02 9.648943263632103481e+03
2.500000000000000000e+03 1.957766866378120767e+03 1.620790190586081962e+03 3.760884709667479342e+02 1.068719654220888879e+04
2.500000000000000000e+03 2.364457274053018409e+03 1.573939621471296505e+03 6.196023953552351031e+02 1.082927484861386256e+04
2.394740087212470371e+03 1.488566939159642288e+03 1.178372165042923370e+03 3.200061930420876593e+02 1.018576106957946286e+04
1.901814449468502744e+03 8.447534536235583573e+02 1.103629733112053373e+03 3.000000000000000000e+02 9.635272217051644475e+03
2.410159411726789585e+03 2.068749171496800500e+03 1.549669220163141517e+03 5.567036538746076531e+02 1.079409985722846432e+04
1.608319673019537277e+03 4.529031014819601069e+02 1.074346981709529018e+03 3.065608059771647618e+02 9.256978477094235132e+03
1.826020981323422802e+03 7.161108175232326403e+02 1.110116130918437875e+03 3.000000000000000000e+02 9.539437904087213610e+03
1.844016587285415653e+03 8.503147102514271864e+02 1.181091074600782804e+03 3.119784346920685607e+02 9.649548709645738199e+03
2.180671816319207210e+03 1.132727984376255563e+03 1.093937904799847274e+03 3.000000000000000000e+02 9.917290142435464077e+03
2.152223810404136657e+03 1.004157855095380910e+03 1.337323201318737574e+03 3.235100266122953485e+02 9.959736938458330769e+03
2.128117884954313013e+03 1.143630210412531369e+03 1.207389712982079118e+03 3.000000000000000000e+02 9.953199975887127948e+03
1.551363575404894164e+03 3.532498464561676315e+02 1.061810158212959550e+03 3.035530987918920118e+02 9.150990170334238428e+03
1.795015673626508487e+03 6.359621345927105267e+02 1.055260144518716061e+03 3.000000000000000000e+02 9.457446221764765141e+03
1.475358500161140228e+03 2.498753274303379044e+02 1.057885945632393486e+03 3.000000000000000000e+02 9.077613205562956864e+03
1.717608595472778688e+03 4.756345809423781361e+02 1.105507951214678769e+03 3.000000000000000000e+02 9.405487649770808275e+03
1.527154019189935752e+03 2.000000000000000000e+02 1.014336599003715378e+03 3.000000000000000000e+02 9.103168005631932829e+03
1.615086005419021831e+03 4.988332110947913520e+02 1.066683901549799430e+03 3.073462083899123058e+02 9.265935877429250468e+03
1.975150759517636743e+03 5.552900607095660916e+02 1.078708504318867654e+03 3.000000000000000000e+02 9.442354893675572384e+03
2.122392894230419643e+03 1.071926403304739324e+03 1.089245688522097453e+03 3.000000000000000000e+02 9.888355371416340859e+03
2.500000000000000000e+03 2.420906124366977110e+03 1.926007110840558880e+03 6.805573088792787075e+02 1.106412331685093341e+04
1.961708146953513506e+03 8.705370284113697608e+02 1.179932069818524724e+03 3.000000000000000000e+02 9.673946069323556003e+03
2.327794042828024885e+03 1.740865438046139843e+03 1.377731853366524547e+03 4.495946434014665556e+02 1.047520685679620146e+04
1.760452785188578218e+03 6.658565736622681470e+02 1.156071060559084117e+03 3.000000000000000000e+02 9.506109737359067367e+03
1.778433552495912409e+03 7.489141451444702398e+02 1.161563825837321247e+03 3.186602273496556563e+02 9.600757847585246054e+03
1.466953685622141165e+03 2.000000000000000000e+02 1.024269661557107838e+03 3.000000000000000000e+02 9.022660811111969451e+03
1.652691034242327987e+03 3.407533100410703355e+02 1.019861918457791262e+03 3.013084180193437192e+02 9.300817565390756499e+03
1.511280235116993708e+03 2.335463556367769797e+02 1.079630703182144543e+03 3.000000000000000000e+02 9.157325882414470470e+03
1.691744050487496906e+03 4.971932856624588908e+02 1.055799695129402153e+03 3.028527095296382754e+02 9.300966681685536969e+03
2.076589817895070155e+03 9.688658381957850452e+02 1.085673953083513197e+03 3.000000000000000000e+02 9.808981224996368837e+03
2.112270662627497131e+03 1.104792244101327924e+03 1.171663338118446291e+03 3.190560866481079643e+02 9.932105994701683812e+03
1.864464633373180050e+03 7.120077979742234220e+02 1.062051556192968974e+03 3.000000000000000000e+02 9.537220956277076766e+03
1.941761112263058067e+03 8.052068148003874057e+02 1.149129782316922274e+03 3.000000000000000000e+02 9.667850034438306466e+03
2.387321911227655619e+03 1.539264528118521412e+03 1.590765022270314148e+03 3.154295050435719077e+02 1.030350246264347697e+04
1.896403791057386115e+03 8.984630334404444056e+02 1.152137400708361838e+03 3.170658939735149602e+02 9.744408949856100662e+03
2.196695653411057265e+03 1.319258166733037569e+03 1.389561922155647153e+03 3.248780951863804489e+02 1.009385079018549732e+04
1.574160155580847686e+03 3.341898861172176112e+02 1.048195630902996982e+03 3.000000000000000000e+02 9.182156688978240709e+03
1.537669687048761716e+03 2.848709580106769863e+02 1.055487686557165034e+03 3.000000000000000000e+02 9.132578080732120725e+03
1.681289042357760536e+03 3.717488230577361605e+02 9.967730759541642556e+02 3.016306732355477607e+02 9.326225678026707101e+03
1.729991857881174155e+03 5.000946083366341668e+02 1.084786833871823092e+03 3.000000000000000000e+02 9.384566857442521723e+03
2.221650132069504707e+03 1.112186668690166925e+03 1.126878887726537641e+03 3.000000000000000000e+02 9.905228106332639072e+03
2.059016732462380332e+03 9.937850288358988564e+02 1.312748111609862008e+03 3.000000000000000000e+02 9.937555461528572778e+03
1.842470295324130802e+03 5.208106657235218790e+02 1.065949386490816551e+03 3.000000000000000000e+02 9.458091311511525419e+03
1.933278678471785270e+03 8.204826926893015298e+02 1.159567017040071960e+03 3.000000000000000000e+02 9.650103684750427419e+03
1.620104178990463197e+03 5.685256161920083287e+02 1.106855375010959960e+03 3.000000000000000000e+02 9.353733103578775626e+03
