2.450403939488212927e+03 2.188642161531181046e+03 1.064052411488103644e+03 5.933917197604507692e+02 1.016768034449556762e+04
2.500000000000000000e+03 3.153037041229696115e+03 1.240777265611299526e+03 1.269208357340945895e+03 1.082589905687643659e+04
2.316365101024959131e+03 2.265562390942598995e+03 9.772090524565410306e+02 4.703296158317072582e+02 9.969539358925496344e+03
2.396675779396160578e+03 1.967160228585471714e+03 6.432680640201301685e+02 3.000000000000000000e+02 9.832203677277688257e+03
2.010151688715833188e+03 1.755331731413702755e+03 5.900366380315767856e+02 3.000000000000000000e+02 9.661847888839531151e+03
2.500000000000000000e+03 2.197770505553758994e+03 6.482989463315743706e+02 4.511886480440070955e+02 9.707270782197483641e+03
2.500000000000000000e+03 2.242731744689221614e+03 6.222731735477407256e+02 4.911850357911418428e+02 9.749098492547635033e+03
1.797269859578000478e+03 1.378839361011603160e+03 6.474585957538654384e+02 3.000000000000000000e+02 9.282373220489775122e+03
2.067206233232171599e+03 1.549287222174409180e+03 6.662802195528458924e+02 3.000000000000000000e+02 9.306615064152565537e+03
1.707553336889251341e+03 1.269317526011364635e+03 5.890623222961710326e+02 3.000000000000000000e+02 9.220111461618484100e+03
1.771816028126177571e+03 1.098022496085706962e+03 6.931404066310594771e+02 3.418080443817068499e+02 9.235580079189758180e+03
1.927152475835790028e+03 1.303930173592750862e+03 6.862111116038356613e+02 3.000000000000000000e+02 9.203873798168293433e+03
2.500000000000000000e+03 4.354470916297315853e+03 2.023156730316169160e+03 2.404520089332445878e+03 1.078170321281437100e+04
1.790551561420579901e+03 1.366940918691995194e+03 6.270222682065571007e+02 3.000000000000000000e+02 9.288887250549623786e+03
2.500000000000000000e+03 2.344779789948242978e+03 5.781023487666758456e+02 5.035613181344427858e+02 9.828547448986057134e+03
2.500000000000000000e+03 2.332109009698582668e+03 5.576889938956251171e+02 5.361133857483689553e+02 9.987437985075732286e+03
2.500000000000000000e+03 2.140466220116421482e+03 7.510709178836880255e+02 5.385586509030435991e+02 9.857487296617318862e+03
2.500000000000000000e+03 2.515160441770942271e+03 9.843177682158644757e+02 7.079546801394278646e+02 1.011648197819544839e+04
2.500000000000000000e+03 2.681016905966908780e+03 6.141433009585113041e+02 5.731775617064216704e+02 1.027193408479307254e+04
2.057479234722130059e+03 1.684605740681347470e+03 7.110157310216518454e+02 3.000000000000000000e+02 9.363019271811654107e+03
2.500000000000000000e+03 3.577632363805079876e+03 1.162226914571642283e+03 1.395876524210219486e+03 1.067189592819059908e+04
2.271205663433095651e+03 1.915207615043396345e+03 7.421018739943364153e+02 3.000000000000000000e+02 9.572323412375868429e+03
2.500000000000000000e+03 3.951820785838496704e+03 1.398581248623983356e+03 1.752672725151566965e+03 1.083241387865260185e+04
1.589733368318403791e+03 1.406636792136084068e+03 6.509082137535873471e+02 3.000000000000000000e+02 9.448355477773273378e+03
1.963085667463484469e+03 1.480533706100274458e+03 6.871117328226901009e+02 3.630762153784237967e+02 9.394346210819330736e+03
2.500000000000000000e+03 2.657556998533841124e+03 9.116224046749473473e+02 7.910522440909504667e+02 1.024072667843793533e+04
1.785159197936938426e+03 1.383166298055749849e+03 6.513571801029374910e+02 3.148443287841367919e+02 9.279007020228338661e+03
1.349564569829396532e+03 7.623691513584323047e+02 6.316448292043214678e+02 3.000000000000000000e+02 8.860559749485122666e+03
2.081129107061544346e+03 1.715211344864685771e+03 6.897903358207788642e+02 3.000000000000000000e+02 9.362364236186353082e+03
1.509063760731388356e+03 8.411487270204502238e+02 6.741708099154996034e+02 3.000000000000000000e+02 8.844047704122045616e+03
1.402441946131177474e+03 8.532172354131105294e+02 6.428776659163473823e+02 3.000000000000000000e+02 8.934109391701615095e+03
1.463090697010709391e+03 7.979423693229952050e+02 7.180819563878133067e+02 3.000000000000000000e+02 8.834445394051792391e+03
1.344452991200166252e+03 7.775949909609944370e+02 6.929225963691603738e+02 3.019427598101195258e+02 8.765043880560120670e+03
1.269345029713379290e+03 6.349886799616307371e+02 6.439178708361330337e+02 3.000000000000000000e+02 8.765021807664399603e+03
1.629819632263564472e+03 1.039441419254343600e+03 6.805697347722503991e+02 3.000000000000000000e+02 9.016126784220747140e+03
1.327598407529502538e+03 7.416984274773956258e+02 6.175352985894842277e+02 3.095913995399008058e+02 8.750414783345202522e+03
1.925079934060694313e+03 1.290993689820944837e+03 6.783201805884132227e+02 3.000000000000000000e+02 9.190731529020165908e+03
2.193523469954649954e+03 1.893536149070959937e+03 6.948038598090723781e+02 3.408205846381495689e+02 9.700736125039557010e+03
1.281180619864398750e+03 6.171532886236346940e+02 6.428129055863781787e+02 3.363267408538503673e+02 8.791753307555272841e+03
1.430032954026219159e+03 8.703190820246405792e+02 6.321353149379128809e+02 3.134263193325775205e+02 8.923245991619949564e+03
1.341635631360432626e+03 7.598517415745453718e+02 6.202471332971055062e+02 3.093397381678284432e+02 8.774389363869229783e+03
1.849958232103828323e+03 1.472685045959676245e+03 6.134900567916862428e+02 3.000000000000000000e+02 9.240285184849486541e+03
2.064488122955269773e+03 1.605959807366264840e+03 7.293895619424686174e+02 4.106469348430200057e+02 9.416670099323544491e+03
1.266326503012558305e+03 6.193098442615895465e+02 6.294889377293671942e+02 3.048004249918623145e+02 8.742727394632411233e+03
2.500000000000000000e+03 2.711315353010592844e+03 9.392222411618888600e+02 9.086734409136532804e+02 1.035760949952481496e+04
1.644550113413717781e+03 1.186417668586563423e+03 7.238294694754048351e+02 3.177389600444716962e+02 9.165195255345022815e+03
1.898363084645319532e+03 1.434010217952915582e+03 6.096557115054988572e+02 3.000000000000000000e+02 9.218039165678976133e+03
2.500000000000000000e+03 2.274302694329921451e+03 1.016486419413282078e+03 7.056709578073925968e+02 1.014000064615631163e+04
2.500000000000000000e+03 2.746973143400046865e+03 9.416202840927501256e+02 7.727058301993541818e+02 1.036072760674833444e+04
2.060740809113901832e+03 1.615412046844607403e+03 6.910229835255443049e+02 3.000000000000000000e+02 9.331842072914212622e+03
1.993540933820725968e+03 1.525078231650169982e+03 6.700112983222135199e+02 3.000000000000000000e+02 9.273809210125256868e+03
2.169164878134202354e+03 1.619309844261589660e+03 6.517725428376547825e+02 3.002560331728741971e+02 9.484081121748506121e+03
2.406687968544521937e+03 1.954973775186950888e+03 8.169880640253602451e+02 4.966935628501829001e+02 9.672219472877843145e+03
2.008131927954872481e+03 1.533345145520871029e+03 6.531744916637761662e+02 3.000000000000000000e+02 9.292001223813600518e+03
2.411989644014418900e+03 2.168231896236274679e+03 9.680139920324520517e+02 4.591007493416666421e+02 9.787661337799276225e+03
2.000683517666454236e+03 1.506161184953847851e+03 6.570367343036217562e+02 3.000000000000000000e+02 9.241388922728840043e+03
1.582345607475229826e+03 9.893635954333717564e+02 6.377496071455240099e+02 3.021493363236510277e+02 8.959686779257048329e+03
2.018695905462946030e+03 1.387201185483200788e+03 6.124890872085204592e+02 3.000000000000000000e+02 9.171661555471042448e+03
1.912865235895268370e+03 1.429075591333546981e+03 6.675588633164667272e+02 3.000000000000000000e+02 9.270861101365499053e+03
2.465863947106080104e+03 2.105089193465174503e+03 9.024416760036849610e+02 7.580830349226962426e+02 1.001729567575679903e+04
1.842547024720948684e+03 1.399391486919176714e+03 6.482675786317987559e+02 3.169971471624309061e+02 9.303961736701912741e+03
1.828218622845580285e+03 1.360232217184303636e+03 7.570954781535687061e+02 3.041076006607853515e+02 9.329290070064880638e+03
2.058624854925787986e+03 1.606387128774208804e+03 6.765938552351070712e+02 3.514727618833446741e+02 9.387205522684458629e+03
2.174804297805522765e+03 1.721673578701524548e+03 7.111449779944257443e+02 3.187429712035431635e+02 9.577657609964295261e+03
1.479693583052443728e+03 7.871001918351345239e+02 6.169080191156203909e+02 3.039348238929462127e+02 8.815216261547473550e+03
1.511770509447180530e+03 7.669804358840901841e+02 6.755981611682096855e+02 3.186700548574526692e+02 8.859477166700089583e+03
1.728789427288909337e+03 1.116610311444580020e+03 6.783942161976357283e+02 3.000000000000000000e+02 9.117707037818687240e+03
2.254658582356706575e+03 1.986335954744331957e+03 7.472737825851417028e+02 3.287926441988814190e+02 9.804538955755015195e+03
2.010091052160524214e+03 1.492670764616881797e+03 6.865574708394153731e+02 3.005336860624706787e+02 9.306649120162224790e+03
1.985834579150214040e+03 1.477019820384816285e+03 6.624188921774181154e+02 3.016111165998601109e+02 9.251620972480681303e+03
1.943352011643056358e+03 1.430354239923785826e+03 6.823852607650213713e+02 3.207580601889601439e+02 9.208845584794951719e+03
1.371915560167826015e+03 7.464289206046526033e+02 6.436518268708825872e+02 3.362381663373967626e+02 8.802283428097960496e+03
2.052741123682679699e+03 1.601161933887995929e+03 6.756390600931038080e+02 3.000000000000000000e+02 9.279536474579412243e+03
2.242125855125152611e+03 1.990410173272117163e+03 6.144242497278034989e+02 3.105328202720847912e+02 9.737831308014854585e+03
1.986794968460471409e+03 1.378858673665046354e+03 6.195412502090805447e+02 3.000000000000000000e+02 9.326592381678401580e+03
1.327065925569213732e+03 6.391071395532869701e+02 6.038255778460065812e+02 3.000000000000000000e+02 8.694962498147730003e+03
1.941369410267502872e+03 1.429293583217831610e+03 6.820432764021592220e+02 3.214864718497980789e+02 9.207771141074916159e+03
2.225379263577542588e+03 1.574071150918090552e+03 6.687505971932669127e+02 3.000000000000000000e+02 9.342061948506665431e+03
2.078397344828534187e+03 1.523343782469911275e+03 6.693216035773041312e+02 3.000000000000000000e+02 9.308749552654329818e+03
1.630860968151329871e+03 7.105914134277397807e+02 6.382760767575144882e+02 3.000000000000000000e+02 9.104839817468420733e+03
1.458250361663442163e+03 8.288657613880864119e+02 6.395719362205284142e+02 3.579501689560318027e+02 8.865602407237915031e+03
1.820127404246954029e+03 1.338599730287859984e+03 6.427474481575325171e+02 3.000000000000000000e+02 9.144627222889015684e+03
1.740324458141303012e+03 1.108319649201983566e+03 7.012967122758165033e+02 3.000000000000000000e+02 8.933171850111091771e+03
1.669759179198937090e+03 9.903913757071385362e+02 7.020952516656958551e+02 3.397670627959324747e+02 9.139845455890306766e+03
1.974719526498293362e+03 1.452472926994029649e+03 6.727377467770670592e+02 3.074121101885496046e+02 9.232250746968929889e+03
1.797326070316799587e+03 1.178347560186497731e+03 6.346657081645902281e+02 3.000000000000000000e+02 9.065570622919631205e+03
2.500000000000000000e+03 3.223650322516698907e+03 1.165636774243679156e+03 1.506009908618274721e+03 1.089158979341660051e+04
1.792055100970228750e+03 1.112921620724662262e+03 7.278538752618414946e+02 3.783526811990313945e+02 9.293624966575676808e+03
1.877935890859550909e+03 1.357347097482836944e+03 6.531265918309902645e+02 3.000000000000000000e+02 9.133065890495990971e+03
1.690125439675856796e+03 1.090496323768047660e+03 6.214122316669806878e+02 3.000000000000000000e+02 8.998024626039985378e+03
2.500000000000000000e+03 3.600688678032882308e+03 1.358741182512770365e+03 1.791414453356612285e+03 1.127023629203763630e+04
1.754535032182186569e+03 1.124063768054767479e+03 5.984000112629721571e+02 3.000000000000000000e+02 9.025111423855405519e+03
2.500000000000000000e+03 4.357225789390024147e+03 2.113673203622914571e+03 2.484609876605689806e+03 1.081527685771215511e+04
1.681956155987913007e+03 1.097196898490453123e+03 6.263919846686748087e+02 3.000000000000000000e+02 9.018010865131296669e+03
2.500000000000000000e+03 4.247922857008575193e+03 2.052389316009954655e+03 2.387450874734242916e+03 1.076058330138126985e+04
2.063512806885659757e+03 1.334460533288138322e+03 6.173619709323820643e+02 3.000000000000000000e+02 9.324852313048746510e+03
2.500000000000000000e+03 3.312678623419247742e+03 1.379841786540430803e+03 1.589904932840918264e+03 1.103076470493024499e+04
2.397094342697308548e+03 2.311758519183811131e+03 9.214851725639390452e+02 5.297328282740459144e+02 1.012315819605286561e+04
1.993969909377011618e+03 1.444023935854614592e+03 6.162700396917244916e+02 3.000000000000000000e+02 9.180723374905006494e+03
2.198684379729835200e+03 1.987078901954980893e+03 7.506920583461917431e+02 3.964456344735699531e+02 9.780653095233366912e+03
2.288932213589465391e+03 2.066070510520423795e+03 7.719313699798567541e+02 3.560185248679736105e+02 9.883952297727806581e+03
1.618070184717174698e+03 9.902836424958119323e+02 6.708114937094876495e+02 3.000000000000000000e+02 9.210188025108902366e+03
1.588730400634151920e+03 9.713484942951062067e+02 6.698457842086271512e+02 3.000000000000000000e+02 8.992702577193789693e+03
1.735462352284936287e+03 1.236487035418211690e+03 6.674483812047066067e+02 3.000000000000000000e+02 9.091307551071264243e+03
2.352525582003514955e+03 2.073442201031121385e+03 7.169507665515928920e+02 3.000000000000000000e+02 9.905209371101847864e+03
2.500000000000000000e+03 3.633322994920685233e+03 1.424752685484421136e+03 1.676097061520722491e+03 1.130038927480388884e+04
1.782115866979361954e+03 1.311758519183811131e+03 6.817481262351290070e+02 3.114631320091613702e+02 9.288051187727085562e+03
1.831642692725298275e+03 1.270312438259120881e+03 7.180407697442420840e+02 3.000000000000000000e+02 9.449780975388011939e+03
2.026438573590260148e+03 1.578567657659021734e+03 6.397214110557373488e+02 3.000000000000000000e+02 9.513607841963641476e+03
1.792829008162551418e+03 1.078696402353218673e+03 6.404618927783837989e+02 3.000000000000000000e+02 9.166999385541888842e+03
2.443132350573303938e+03 3.115520507317001375e+03 1.096533170405040437e+03 1.245006836626774884e+03 1.046078973726079857e+04
2.500000000000000000e+03 2.276260162441821194e+03 9.246276657966418497e+02 7.407767533482350473e+02 1.013746196718364445e+04
1.870756992707100835e+03 1.217654413876363378e+03 6.509065941894978096e+02 3.000000000000000000e+02 9.269837556681002752e+03
2.412826093290398603e+03 3.010378555933351436e+03 1.123824631520591083e+03 1.348356774367679463e+03 1.083379449654833297e+04
2.198388487271831309e+03 1.930289046998766480e+03 7.254839727161374867e+02 3.218282904335123362e+02 9.721943721794857993e+03
1.311315939980910116e+03 7.721495032208571274e+02 6.029131791197622761e+02 3.000000000000000000e+02 8.807409428070588547e+03
2.357658128025051610e+03 2.065734546949964169e+03 8.240097105591530635e+02 5.292160651805529596e+02 9.917453495067942640e+03
2.248780240521965879e+03 1.981196542607397532e+03 7.486055812714812419e+02 3.355539037491496401e+02 9.795873725655734233e+03
1.403638607103279583e+03 6.930415012581586325e+02 6.170468882582304104e+02 3.000000000000000000e+02 8.783866431372673105e+03
1.803472530693787121e+03 1.176655086757623621e+03 6.518730108845741142e+02 3.021581837229561529e+02 9.212947918752110127e+03
2.496877679299288047e+03 4.010378555933351436e+03 1.916725583100371750e+03 2.280090517164940593e+03 1.084919900127031178e+04
1.742107057450134789e+03 1.117267647608553034e+03 5.974551535109944780e+02 3.000000000000000000e+02 9.019561208876488308e+03
2.500000000000000000e+03 3.124118585866282956e+03 1.222201119887576624e+03 1.248242836095483199e+03 1.075388149471613542e+04
2.479325557375232165e+03 2.679029774993208775e+03 9.322437560888231474e+02 8.691493789370701961e+02 1.026460356165284065e+04
1.928447614885253870e+03 1.455295354249561569e+03 6.355981566885919847e+02 3.000000000000000000e+02 9.244171710528853509e+03
2.154657046473364062e+03 1.628660989980831346e+03 6.822563086194227253e+02 3.603395039471468522e+02 9.506508892735204427e+03
2.104681369508449734e+03 1.842632449952201114e+03 7.762793951964187045e+02 4.327463995452138192e+02 9.678786476783056060e+03
2.438345269282180197e+03 2.124118585866282956e+03 9.894549978321598473e+02 5.520765569669156321e+02 9.866992877841181325e+03
2.500000000000000000e+03 2.876075331588328936e+03 1.049506619419607887e+03 1.032154242734053923e+03 1.050207859966133765e+04
