4.536924337977036314e-01 7.179824619200658210e-03
4.303051870471055196e-01 9.993022235168300474e-03
4.273000787550697566e-01 1.057518836797400295e-02
4.500306807832648026e-01 7.234831970026503294e-03
4.298922152601339364e-01 1.029425227521661886e-02
4.510944402392086383e-01 7.215026129300089984e-03
4.566000174983127491e-01 6.686398241662326082e-03
3.690052151503163680e-01 2.548585149656628496e-02
4.709248687195564664e-01 6.177899941719303817e-03
4.296857315334844940e-01 1.036442927673996046e-02
4.259844043150438075e-01 1.060014977202323842e-02
4.593827608542002117e-01 6.562949697281056892e-03
3.524674469184667647e-01 3.208840721752331815e-02
3.737322203622198136e-01 2.373087053124168025e-02
3.712120817174756615e-01 2.429309052604440577e-02
4.765018084122374931e-01 5.616331890581038183e-03
3.914629395894303476e-01 1.875865862072718937e-02
3.949813757194126640e-01 1.767284228477426083e-02
3.486559938130837089e-01 3.434384829590107074e-02
4.004982464844349943e-01 1.619864400939201310e-02
4.537931879223680021e-01 7.131848814578339336e-03
4.851384614827238262e-01 5.414141543911550267e-03
5.190873219379192882e-01 4.408269317525162663e-03
4.090405523105103969e-01 1.369556933459009987e-02
3.420172634104318710e-01 3.840869164893221527e-02
4.924520115105057716e-01 5.137424711310726276e-03
4.357440363621580826e-01 8.892545447413630413e-03
3.332721010778975090e-01 4.389994616487186835e-02
4.283135503347059725e-01 1.055589075756066010e-02
4.170560555246317080e-01 1.186476180532534605e-02
3.375874918994096752e-01 4.124265219522331438e-02
3.261626807069277767e-01 5.590730032008168343e-02
4.292972385722569895e-01 1.050550046863271691e-02
3.679015954043998171e-01 2.631042950862969368e-02
3.349233225783785350e-01 4.350869968549684469e-02
3.490079764657093575e-01 3.407461865856966504e-02
4.115999265031854426e-01 1.328007841470201997e-02
5.108804574036539536e-01 4.508491477021925320e-03
4.861608835250894600e-01 5.387299749789310407e-03
4.743494840201487595e-01 5.805794140014502135e-03
3.195123984662915362e-01 6.740403345621032161e-02
3.304631001941233936e-01 4.982557155556415623e-02
3.993697347897151584e-01 1.655683817350149523e-02
3.420372085248321592e-01 3.798850644330471760e-02
3.602180452229369889e-01 2.958794125998139707e-02
4.487115726551182959e-01 7.498024845808404920e-03
3.274827466888257099e-01 5.311078833742529509e-02
3.796399557015820991e-01 2.223238410254130271e-02
3.433224635760606658e-01 3.741762695528250138e-02
3.224878337484122226e-01 6.226058474907435886e-02
3.929079447046656681e-01 1.834741763681393620e-02
3.641575576873181674e-01 2.730556423603767296e-02
4.082511768690299525e-01 1.401225108815167680e-02
4.295012566653394481e-01 1.048797343208012975e-02
4.927618559323309055e-01 5.068205313153325425e-03
4.656244969918510446e-01 6.308074349177337538e-03
4.411641503989816582e-01 8.562573854634299500e-03
3.382916244820618479e-01 4.116352898556546042e-02
4.071288217959002642e-01 1.429488382440084922e-02
3.545957953333273571e-01 3.038219207969022548e-02
3.609591387016801711e-01 2.857737545430214313e-02
3.287768769617465114e-01 5.154290095349171180e-02
4.685899391872465625e-01 6.285243114079513450e-03
3.164245490123458460e-01 7.935466001133040237e-02
5.083970690175977358e-01 4.716514091967976413e-03
3.186559730070042118e-01 7.087853747519412551e-02
3.632661189902169907e-01 2.767141568590599995e-02
4.150467512930267056e-01 1.256076021048925691e-02
4.948885322424085298e-01 5.024626444696511304e-03
3.179751773774013857e-01 7.187374619103310824e-02
4.014181047392215151e-01 1.557914828240624869e-02
3.226791432176515650e-01 6.074474422657007155e-02
3.237460258482635633e-01 5.871947119652618646e-02
3.455758900794751454e-01 3.515502614036158935e-02
4.210645671734050133e-01 1.158380125705700016e-02
3.819571580374184205e-01 2.113143642972490840e-02
3.159086708076496719e-01 8.511588751974669131e-02
3.349755936588412752e-01 4.224865278792123979e-02
3.743474220915116724e-01 2.331813874070987405e-02
3.165623479193612200e-01 7.659450312011628625e-02
3.230138585384736971e-01 6.068600595912465590e-02
4.437355465483862615e-01 8.105630827030236782e-03
4.909767548839446549e-01 5.157818433094560860e-03
3.247061593126706613e-01 5.710594581373230894e-02
3.278676610998744190e-01 5.263665571190258990e-02
4.787561918370776270e-01 5.456243901463861401e-03
3.890382454421255631e-01 1.938689846932363861e-02
4.705723238378758944e-01 6.194638394157066935e-03
3.835253325289409432e-01 2.075513156284987393e-02
3.720471280232957589e-01 2.412586054352463052e-02
3.537182972427403427e-01 3.116656784882156084e-02
4.236164067652085641e-01 1.079843527763630316e-02
3.219145157750262221e-01 6.323006004955988857e-02
4.450804378822685314e-01 7.645639999796034238e-03
3.306346531937375821e-01 4.816551416562284832e-02
3.194070573072043118e-01 6.816341346412616020e-02
3.974945161346192801e-01 1.682251473651462034e-02
4.167570715684958405e-01 1.192884826282974639e-02
3.295498657076568194e-01 5.043959272750192513e-02
4.137490096303382825e-01 1.276399245279408699e-02
4.411942959261894170e-01 8.501694440588651244e-03
3.874054646284180725e-01 1.982584891767234098e-02
3.954377621512289442e-01 1.733620649265993699e-02
4.208921823272502860e-01 1.173027921719290573e-02
4.955087873569873902e-01 4.892113554678667597e-03
3.498293158087556476e-01 3.399996014319051074e-02
3.800036390685009868e-01 2.200584112587648800e-02
3.324445309644594171e-01 4.724162894163985715e-02
3.975979618522766379e-01 1.675953704094514454e-02
3.189334573758438318e-01 7.036476624685653047e-02
3.545751829031387192e-01 3.057571681020785845e-02
4.715530573356790378e-01 6.029523701721898644e-03
4.953683564107383974e-01 4.895097784676387398e-03
4.319120400571423435e-01 9.350058109178030832e-03
3.539095473545613157e-01 3.084495534900030117e-02
4.692159882797208303e-01 6.216536593540574265e-03
3.250792504963866403e-01 5.685410497410185726e-02
3.441460575571645419e-01 3.604363933173318491e-02
3.511376593232805043e-01 3.331416729859673631e-02
3.929583864205096755e-01 1.780559285631807404e-02
3.889996381761450239e-01 1.943312020439485338e-02
3.894396693986769686e-01 1.902735646125127550e-02
3.210398316232261906e-01 6.539634487008867680e-02
3.392289642822570728e-01 3.943212626033210794e-02
3.166324736239253812e-01 7.625486109854189010e-02
3.312932833064219373e-01 4.733846318280672538e-02
3.171481753617362287e-01 7.312639991654108773e-02
3.267585545045026407e-01 5.544644180073367984e-02
3.516657089295734950e-01 3.296072951116153088e-02
3.843399146123496202e-01 2.027533470998594753e-02
5.054320312047809738e-01 4.841531076701383572e-03
3.616567114686676798e-01 2.820614486545599750e-02
4.409890848545069963e-01 8.826336663904414681e-03
3.384767709181333850e-01 4.014815683442048838e-02
3.422498876016665248e-01 3.754054429949253008e-02
3.161679751884166611e-01 7.989583914040815360e-02
3.247722614417694054e-01 5.690500048469560035e-02
3.171922483551599115e-01 7.241021539696317066e-02
3.305430234996818428e-01 4.956250252368870485e-02
3.753495445589037360e-01 2.281459101201831902e-02
3.863587336498446878e-01 2.011089471193488326e-02
3.465229882038401987e-01 3.458793142346479332e-02
3.570426360143332256e-01 2.986277447994029055e-02
4.394725967025829849e-01 8.885426767798977263e-03
3.565212779485818495e-01 3.025320969584772285e-02
4.069233902292703209e-01 1.536902964731325441e-02
3.214291861983222254e-01 6.392157345580867789e-02
3.190096914359034641e-01 6.867236391195176426e-02
3.270131157057227789e-01 5.428261970781120965e-02
3.325565065136902310e-01 4.622763739977389652e-02
3.971327943884158107e-01 1.686888603661720193e-02
3.779451453373500192e-01 2.275637870479505290e-02
3.396461412481222575e-01 3.884015437356806016e-02
3.568749904081052748e-01 2.991470063540423163e-02
3.281491395222981833e-01 5.248060433497939853e-02
