5.402065211706728043e-01 5.496617086183514835e-03
6.229784380177232350e-01 3.269556359230359720e-03
5.181297023780456756e-01 7.019186169697869647e-03
4.848689462251987159e-01 8.535410996869129130e-03
4.307113213390506012e-01 1.916756859894811274e-02
5.123633678904656596e-01 7.232283086833038964e-03
5.133209168965614522e-01 7.193279905581124317e-03
3.984837280440434171e-01 2.920313801680203547e-02
4.329339361729022118e-01 1.849103936683156590e-02
3.841503415992920112e-01 3.615611036902351139e-02
3.895916877638512799e-01 3.220115514714033678e-02
4.102268926001716998e-01 2.441150623468458722e-02
7.706390050250031543e-01 1.599281197381199416e-03
3.962023932599659237e-01 3.005375200721528695e-02
5.145364281509603455e-01 7.040085261279419721e-03
5.133826850836352707e-01 7.068023561856800335e-03
5.192428462866065519e-01 6.292241396807225599e-03
5.578125426990881985e-01 4.812361933568113682e-03
5.336136296528427581e-01 5.726191879682290820e-03
4.398951158713553800e-01 1.673816809686889603e-02
6.386241086012051094e-01 2.767900058253248367e-03
4.756110641971619257e-01 1.015446143136732038e-02
6.840860342217282009e-01 2.171531982923012062e-03
3.811722465146449301e-01 3.738544315563808312e-02
4.221779905201411554e-01 2.125791901204265172e-02
5.608537863636641196e-01 4.712180416305761406e-03
3.980841410608057518e-01 2.959322284444061008e-02
3.563122546706994354e-01 7.292180704146172809e-02
4.419935446507441967e-01 1.609734907721709421e-02
3.647448613324412725e-01 5.388385337727079338e-02
3.594407294611027814e-01 6.421000890126377092e-02
3.633109596859031010e-01 5.680636089906977715e-02
3.578566228846665753e-01 6.931463423931638612e-02
3.512146572388446519e-01 8.468252205328176407e-02
3.757730995465464741e-01 4.074676247470286616e-02
3.553809160513325960e-01 7.734780475730523852e-02
4.091092221799707551e-01 2.474806647861531317e-02
4.627540850717390963e-01 1.166197409335510693e-02
3.519857664384808404e-01 8.375996215724877680e-02
3.607247737544324040e-01 6.186076801653946078e-02
3.562546762145236134e-01 7.500500594138787003e-02
4.052076985542957810e-01 2.688311061170343963e-02
4.415783217023725449e-01 1.653049238850885436e-02
3.509105025041803771e-01 8.677134313518850006e-02
5.686943632434153795e-01 4.371428050140770995e-03
3.835686398171515576e-01 3.685464352085524031e-02
4.082800872992368157e-01 2.570254024299133827e-02
5.495513951877242231e-01 5.035193098901956377e-03
5.666489529330168695e-01 4.387044419730709924e-03
4.362468642516264539e-01 1.738176055430347075e-02
4.241896380698288449e-01 2.045517864974071356e-02
4.454772467531240010e-01 1.495998190423048629e-02
5.039580150496162370e-01 7.348082450639181924e-03
4.252165171814153988e-01 2.034188685769312832e-02
5.242185580025092717e-01 6.271655910236936284e-03
4.237609263484696798e-01 2.098223315060080904e-02
3.702404294363751958e-01 4.652617192291435416e-02
4.190495356921707382e-01 2.242445833995140164e-02
4.123270934250473085e-01 2.394228997544558743e-02
5.309936942603985521e-01 5.892425155252838977e-03
4.039254565390958951e-01 2.710633899855633897e-02
4.074706282155236559e-01 2.657116694137263979e-02
4.358462138773883665e-01 1.746898777066542563e-02
4.544676531310222201e-01 1.321300293638744301e-02
3.607644008473359087e-01 6.110160732837553732e-02
3.637151079339548954e-01 5.528777958343768228e-02
3.844051191269589052e-01 3.428289085853211682e-02
4.774583152022151555e-01 9.438027994485701996e-03
4.259938448448591375e-01 1.999028902646102918e-02
4.214945481485035672e-01 2.150626578096578173e-02
4.169863479300432441e-01 2.291493658353525517e-02
3.573407175901149313e-01 6.997230576219010123e-02
4.340993434990757516e-01 1.821290117934049393e-02
4.659321104063915420e-01 1.141888554239701113e-02
4.157998432058559457e-01 2.305012530996844791e-02
3.529095189641108243e-01 8.167579377027341103e-02
4.167394116212195243e-01 2.299468659318187544e-02
4.507986403258077979e-01 1.381183572645486995e-02
4.334285797997721179e-01 1.847081530781653769e-02
3.655231653718005180e-01 4.879818971934458960e-02
3.627738221401927698e-01 6.027472783464714323e-02
3.987790691351442707e-01 2.910651198252725558e-02
3.870026067051481888e-01 3.425348720594516283e-02
3.788906489410299172e-01 3.850997514790699405e-02
4.202221767822640341e-01 2.185344122967259467e-02
3.911495269710336675e-01 3.220029876089252480e-02
6.266820899874591122e-01 3.055241640916419536e-03
3.943469604147649132e-01 3.041793900304521139e-02
4.060489155262183014e-01 2.671511208485825850e-02
3.784037390465582185e-01 3.858270507701287710e-02
6.663094858004824372e-01 2.276794041648933387e-03
3.841306837092742787e-01 3.628812725088394892e-02
7.803347283839472404e-01 1.584373221205502297e-03
3.780337377019761802e-01 3.871051077379492056e-02
7.676974494088794065e-01 1.728220708401986523e-03
4.220017242337354424e-01 2.130400459692140605e-02
6.500155647430215788e-01 2.743928255916375410e-03
5.268908584079342594e-01 6.198045237697858909e-03
4.190113244266429060e-01 2.290770978290477405e-02
4.730000550441443852e-01 1.040379446760034653e-02
4.875260201002010740e-01 8.370019410160901147e-03
3.721064784942124670e-01 4.178241795469216091e-02
3.712113888455703115e-01 4.503705475851429996e-02
3.892101358354529417e-01 3.342194154473784179e-02
4.893289379693313013e-01 7.694826052927847097e-03
6.697521856805550566e-01 2.177884979560885687e-03
3.965219053435889984e-01 2.971845120429226703e-02
4.013951811787992430e-01 2.725589851932046573e-02
4.280158535040508583e-01 1.939023605602793049e-02
3.877319827304616107e-01 3.355626634679171466e-02
6.017207740692788187e-01 3.962754279509681649e-03
5.434848380699474069e-01 5.277467456622686806e-03
3.998071398572140556e-01 2.788043819583689228e-02
5.983957158613421035e-01 4.118696910543207489e-03
4.666422722830405601e-01 1.113540684762492732e-02
3.550130768752704502e-01 7.939588904357845756e-02
5.042993139165891092e-01 7.260135096589332045e-03
4.768441352707638026e-01 9.567606023584175612e-03
3.563375579858958919e-01 7.079129804785698477e-02
3.922738007977089603e-01 3.099895679354977562e-02
7.428832327029467608e-01 2.064425731485011826e-03
3.827687262200400453e-01 3.689659767459207290e-02
6.196439289541655349e-01 3.390254402198531088e-03
5.629369869954954364e-01 4.673513589084235184e-03
4.131820779746694927e-01 2.374896100821363709e-02
4.478654534578087598e-01 1.465659531415342866e-02
4.588829586322631382e-01 1.313079443731436299e-02
5.298555047105282245e-01 6.141591647063507006e-03
5.887189014719783620e-01 4.256815455293497079e-03
