1.085425940405429834e+00 5.591282736838929651e-02
1.079116567887925981e+00 5.594954259411627495e-02
1.079959641696193851e+00 5.594463664022927135e-02
1.072875952063261806e+00 5.598585775312134305e-02
1.069932279480033444e+00 5.600298746379833020e-02
1.068929694141865117e+00 5.600882164040887901e-02
1.068899280942215979e+00 5.600899860651435691e-02
1.076397456079495107e+00 5.596536557621818037e-02
1.008768588887973383e+00 6.436962259177257673e-02
9.671702794652523583e-01 7.260173228775736176e-02
9.441527256025991077e-01 7.959573503031036612e-02
1.068192555497332608e+00 5.601311118015812190e-02
1.066604477341746682e+00 5.602235245869020830e-02
1.035570410886042181e+00 5.908241790365729301e-02
1.061440053810136952e+00 5.607924908625944865e-02
1.065774952790042640e+00 5.602717959355417443e-02
1.072692131750883959e+00 5.598692741953413543e-02
1.058285417989994981e+00 5.611637206983980525e-02
1.069656267338144229e+00 5.600459362212833331e-02
1.066765270079819805e+00 5.602141679346017006e-02
1.022175920608158428e+00 6.179275113163807537e-02
9.623782109615022229e-01 7.330250887167710783e-02
9.914287507870073179e-01 6.663922326243390537e-02
1.062605708424675388e+00 5.606681265066786740e-02
9.685193254973398780e-01 7.216506275531726911e-02
9.795423127794519180e-01 6.984697077450184588e-02
9.799472477492521261e-01 6.959905406492042368e-02
9.627190384709634063e-01 7.318343132382819360e-02
9.339690584784031691e-01 8.016920840999823550e-02
9.648480580053511169e-01 7.282693701825786181e-02
1.023554727840810585e+00 6.088829247473812045e-02
1.050477126461022426e+00 5.625383208413661795e-02
9.799097147358956095e-01 6.978185321994766210e-02
9.286476641319968417e-01 8.170155565989117852e-02
8.014984095342111425e-01 1.894935713478184125e-01
1.013353359580949853e+00 6.269039431914943949e-02
1.025793246610891885e+00 6.025340533825417066e-02
1.012950665211347578e+00 6.293929929559158309e-02
1.047534839149602881e+00 5.645625473893665230e-02
1.037797220217333116e+00 5.826739246262295502e-02
1.049831624429475196e+00 5.626591958974500735e-02
1.062596927957395021e+00 5.606688945706128635e-02
8.462278101408794440e-01 1.273547540913856913e-01
7.946392928078224172e-01 2.104465326794053015e-01
1.038553231828902579e+00 5.816755610498044321e-02
8.414718005477881402e-01 1.324391196529262071e-01
8.557558715897056745e-01 1.192725472965333322e-01
1.055676411178187113e+00 5.615457232572760443e-02
8.348425482991158608e-01 1.404002470693632154e-01
1.029212603949479110e+00 5.929112069180064032e-02
1.003497472220854725e+00 6.442005352564200704e-02
1.039980625656761415e+00 5.810207329044282665e-02
1.023682149864403090e+00 6.046552018816035018e-02
8.204057236558935928e-01 1.568752188055742569e-01
1.010996051325893985e+00 6.320997815762856298e-02
8.863147511972013781e-01 9.999596925559045557e-02
8.274145620633802656e-01 1.471104156378811589e-01
1.010146925079750124e+00 6.352752057246606465e-02
7.947953065722663801e-01 2.064549201837404258e-01
8.741022508536321345e-01 1.066581971157437025e-01
1.000481429965044189e+00 6.538547801344837818e-02
8.116712011453962594e-01 1.701648704547494839e-01
8.480798133918107107e-01 1.259132858393406385e-01
7.909959483413721015e-01 2.282419504756413309e-01
8.097264559551310414e-01 1.735283022218568894e-01
1.044763079597712752e+00 5.693897604985743988e-02
7.916240472284190588e-01 2.210548962944541285e-01
8.419068795051376508e-01 1.319567673190098489e-01
8.457929858779321686e-01 1.286650221055008203e-01
8.308415297418317857e-01 1.444485304918165236e-01
7.956354512788265110e-01 2.036797274036258043e-01
8.163245716206460889e-01 1.624552158273001590e-01
8.182383741137809752e-01 1.602803326610421075e-01
8.433280100860199857e-01 1.308922567373134171e-01
8.793282354831630787e-01 1.047720479793070592e-01
8.069449391396462667e-01 1.793388890408611491e-01
8.187102435023000391e-01 1.596311678663170641e-01
8.926528359709252625e-01 9.690205894933220931e-02
8.054948545496218859e-01 1.822499030983056323e-01
8.228798584376857406e-01 1.537670412219904192e-01
8.313196394221601393e-01 1.436122542984392403e-01
8.429016393520869510e-01 1.309628012342240189e-01
8.228734932418285686e-01 1.542072876668883763e-01
7.895599942755874290e-01 2.365574779609974920e-01
8.118606184434367101e-01 1.695215408959669101e-01
8.094124636311884613e-01 1.751428105604043162e-01
8.211705815633143501e-01 1.562029783393157345e-01
8.213968972709911887e-01 1.557031331661763995e-01
8.481768772568566428e-01 1.256681586050708843e-01
8.195468170565909372e-01 1.579677128592438251e-01
8.390580370639586505e-01 1.359462561783331414e-01
8.124078251909381265e-01 1.684259618354538302e-01
8.321745605364694320e-01 1.422976157521851359e-01
7.926886304861892052e-01 2.154160612111434281e-01
1.055345795854521151e+00 5.615941310455522389e-02
8.240073971846918477e-01 1.515903147987896771e-01
8.123802808945066456e-01 1.686396953498795481e-01
8.260257813169935570e-01 1.498552830484344289e-01
8.131914031574188906e-01 1.672174948634878033e-01
8.188349052842326392e-01 1.591007777853617189e-01
8.414061767235484490e-01 1.327179112709876985e-01
9.701371673457127587e-01 7.159917144603637762e-02
8.110482162317270705e-01 1.704752468296724943e-01
8.443438118462649467e-01 1.292483206083839542e-01
9.963471366478556801e-01 6.612431125787986141e-02
8.582900552285385176e-01 1.174484388259799117e-01
8.656441832989154594e-01 1.108210235385815728e-01
8.154602831951486275e-01 1.643475923162098229e-01
8.449738558129283872e-01 1.291030332504605749e-01
8.084825971583555759e-01 1.770605302424012040e-01
8.157530967559059043e-01 1.633034941673912888e-01
9.054484251908047066e-01 9.028018969728504595e-02
1.036956148189512428e+00 5.854313510110766006e-02
8.602999198237628597e-01 1.150154673109533010e-01
1.011824580133948936e+00 6.310782034299773635e-02
8.146397140622751998e-01 1.656560595406950387e-01
8.676357732860160432e-01 1.106149576167271553e-01
9.042231529125678291e-01 9.088837077449973822e-02
7.937451188691106996e-01 2.106203946342068700e-01
9.475658911472809587e-01 7.625898420366945818e-02
8.069994111092267941e-01 1.787399912751604647e-01
8.705609781299490368e-01 1.086190254137495842e-01
9.092550886737792437e-01 8.846880110058866209e-02
8.694205019797637268e-01 1.090137923097265898e-01
8.178546716433700015e-01 1.608538643447913197e-01
8.546237353498866707e-01 1.199579090510793367e-01
8.513601052265333813e-01 1.226781589950804996e-01
9.244428730762462854e-01 8.279640474486067714e-02
8.133991297081721861e-01 1.668070512736641864e-01
8.519004847679101378e-01 1.225951515152786248e-01
8.742718492365444405e-01 1.062891491347353612e-01
8.454193268162554231e-01 1.289364407987490524e-01
8.756421610233727781e-01 1.052262055562627752e-01
9.088018669377915248e-01 8.933606975263699845e-02
8.686877743627667847e-01 1.096495332805779988e-01
9.117344228208639212e-01 8.799118647716466790e-02
9.698067796308723620e-01 7.170853652303327275e-02
1.054101723907917343e+00 5.617762842731734846e-02
9.454741093704360777e-01 7.803967249836361864e-02
9.365047515401432321e-01 7.997058386782569805e-02
8.106971666844502433e-01 1.728798189406698660e-01
8.654682846052725864e-01 1.110434126485573547e-01
9.256937950877703880e-01 8.214768172294321935e-02
8.089215204242311552e-01 1.755282516464742038e-01
9.717343681402877964e-01 7.048478708998180686e-02
8.987493310642720168e-01 9.358541829709611515e-02
8.481908696314064411e-01 1.256395391018707008e-01
8.877479025392159828e-01 9.906292098394715862e-02
8.967416424043970213e-01 9.421563194158287524e-02
8.605702721711470105e-01 1.149303117832879972e-01
9.685408319029817914e-01 7.182904217064434160e-02
8.564865302984023820e-01 1.187705572785195951e-01
8.107253564582661554e-01 1.711509779488345762e-01
8.457357228179483988e-01 1.288535606866669792e-01
8.507749923499818845e-01 1.229478964992016671e-01
9.297975237629113598e-01 8.096968979455747284e-02
9.338702112502779151e-01 8.037328466299592522e-02
8.934873595081470610e-01 9.547216565652427711e-02
8.797945971885663408e-01 1.037760387697264364e-01
9.045711184047245945e-01 9.065284496459406760e-02
8.143984654285993940e-01 1.658019107605507025e-01
8.585909135557153737e-01 1.169548808173715565e-01
8.801558063850689617e-01 1.037150086255008985e-01
8.848905459611307034e-01 1.008045278482836982e-01
8.531468998252044189e-01 1.204437043208753527e-01
8.364513901735549650e-01 1.378447658183148128e-01
8.587104613541500786e-01 1.166003512591549801e-01
8.612182094012725830e-01 1.138536984868607493e-01
8.553221882913732976e-01 1.195385800631762058e-01
7.894459248000996743e-01 2.372628121219083619e-01
8.594662210100162403e-01 1.162612808267799863e-01
8.975870548608315680e-01 9.362677743401627561e-02
8.913327573829777917e-01 9.711613150891439117e-02
1.032855579080525388e+00 5.925012827712886759e-02
8.018224818929644560e-01 1.868513893982790552e-01
8.501645885626487598e-01 1.234836874291074804e-01
9.457831860971007698e-01 7.743964579887049893e-02
8.402484156807981108e-01 1.341437548146385550e-01
8.370120493420619701e-01 1.366661240422587520e-01
8.647528472840485536e-01 1.116896107604919974e-01
7.994621931331340470e-01 1.928978779642499530e-01
8.282174348582103107e-01 1.450255526323002142e-01
9.181212424650536663e-01 8.480444950133375626e-02
9.925132014250833690e-01 6.657536835613933612e-02
9.076875753194132423e-01 8.992526140357590125e-02
9.004809293961743011e-01 9.293162190434568759e-02
1.052984140239660471e+00 5.620948242146646401e-02
8.330068865365966024e-01 1.405759884466591114e-01
9.392212328213337402e-01 7.991388083629857864e-02
9.170369559317176344e-01 8.565261681760397150e-02
8.883212563388911409e-01 9.866067430355503209e-02
8.059586469132364872e-01 1.820027620562551518e-01
8.150550809142665942e-01 1.647314566065766206e-01
8.467165231047754093e-01 1.265253683098900572e-01
7.917276391315206663e-01 2.199002712161292061e-01
9.551340589704661044e-01 7.437005318279438226e-02
8.526221365842698852e-01 1.216503871284434074e-01
9.232174081095669838e-01 8.446083165328113762e-02
9.523795396248599943e-01 7.546350932402054457e-02
8.620866192740861411e-01 1.138272829899058675e-01
9.314569471013557367e-01 8.065964712557956162e-02
1.054138225729708500e+00 5.617709395252799137e-02
7.911631891068127143e-01 2.272385373142759291e-01
9.170916546192040553e-01 8.519364213022308230e-02
8.841728261679959733e-01 1.008441543195558593e-01
8.272084155722790877e-01 1.481516922960227356e-01
9.701937337947625917e-01 7.093132652619293932e-02
7.900531801647052710e-01 2.301954445712210973e-01
8.150062561303987874e-01 1.650443103673328582e-01
8.408363793469652014e-01 1.334801402116536084e-01
8.391946401540938405e-01 1.343754415912641054e-01
8.585212665737194104e-01 1.170941573914649342e-01
1.061266198889248225e+00 5.608128115597012242e-02
8.910717646744050757e-01 9.724174330308948955e-02
8.724033601476224309e-01 1.070808689874904185e-01
9.579571922049842092e-01 7.393787435669360586e-02
8.119646632000817599e-01 1.688226437026551230e-01
9.294374269063481186e-01 8.127209259607522107e-02
8.124957274310602440e-01 1.680857790071154934e-01
9.808942477872530930e-01 6.822456634451082302e-02
8.804815461878909844e-01 1.018655971093763296e-01
9.136510078548127911e-01 8.644387577375368947e-02
7.998613204679534405e-01 1.927624543057271378e-01
1.058191237794154249e+00 5.611775101339105259e-02
1.010553414318496879e+00 6.337831816896510873e-02
9.533319924869806394e-01 7.537654446138042363e-02
8.567364686099009363e-01 1.179957859440266543e-01
9.034129191893320865e-01 9.169876398190963951e-02
8.834822449728814142e-01 1.014703020938690914e-01
1.001256888028468905e+00 6.467767776924648881e-02
8.039934384933391520e-01 1.830049689617505027e-01
8.186454199680545107e-01 1.601518899845605914e-01
8.487624695499949024e-01 1.245603592660020492e-01
8.139272875516078143e-01 1.663516224148948175e-01
9.238386312196905648e-01 8.344424490341319223e-02
8.421934869428789883e-01 1.311660049137330641e-01
9.019042874813311128e-01 9.217674692878863318e-02
9.187021318323147501e-01 8.472657443638176300e-02
1.015843340920786320e+00 6.253194006496362589e-02
9.754638606854932892e-01 7.007574400758059818e-02
8.065760284422764936e-01 1.797745222160169742e-01
8.884367678138036517e-01 9.779422321439626420e-02
8.519298661732775946e-01 1.223231111752679651e-01
8.254622776038160747e-01 1.509679200941098642e-01
8.872635156465610295e-01 9.985895370461726761e-02
8.958583240403962256e-01 9.464771870089028205e-02
9.634138311509957697e-01 7.306291875996745455e-02
8.361625590604161440e-01 1.399478774570378503e-01
8.933749739630990616e-01 9.636324278445594638e-02
1.057597829859228344e+00 5.612643953206064573e-02
8.104574302801033081e-01 1.729292136883486541e-01
7.969449769205285694e-01 1.982248670342757757e-01
8.995710109119752218e-01 9.303774164171227379e-02
8.434556228249757703e-01 1.298040305424866814e-01
9.857761131791303866e-01 6.741889951462633201e-02
7.985350504070299893e-01 1.966774059557473697e-01
8.378135146666221278e-01 1.359946543698993815e-01
8.578107392840597090e-01 1.178184415466753399e-01
8.638759214753057858e-01 1.126170549294914919e-01
