9.147870319638266023e-01 2.304543203649382921e-01
9.134328911794296069e-01 2.346867814683888664e-01
9.242098082374707868e-01 2.122588342689660512e-01
9.746343346739272384e-01 1.513181751257177687e-01
9.984873193331014196e-01 1.310386472686303205e-01
9.314367803883063512e-01 1.997611808604035921e-01
9.999208073553625953e-01 1.309141208810627732e-01
9.910153156399886809e-01 1.371580920092569933e-01
9.765833949903076627e-01 1.483299506369306908e-01
9.854953089768043739e-01 1.410840337188616622e-01
9.554972022104225582e-01 1.703104836009399770e-01
9.452716748910293676e-01 1.812808480269259004e-01
9.706702567446047203e-01 1.539438960683031932e-01
9.529863172894539325e-01 1.711180023539421724e-01
9.468463353301816987e-01 1.778673667172842032e-01
9.368740958578106737e-01 1.898903925578104002e-01
9.356323129606658462e-01 1.918875148529387564e-01
9.727362724271945149e-01 1.524264203593048705e-01
9.978720957072038100e-01 1.328067663262059439e-01
1.000964094315505148e+00 1.302444911822213669e-01
9.477111106409842334e-01 1.769107693322718444e-01
9.122677569028138089e-01 2.355489106049908354e-01
1.051136162967279741e+00 1.047899034442116017e-01
9.803354561093344799e-01 1.459671571064359297e-01
9.087257447016428014e-01 2.491686352029363338e-01
1.022889824902423639e+00 1.176394742450076331e-01
1.061881250964404000e+00 1.010598456386099658e-01
1.215712642579831915e+00 7.866007555809753637e-02
1.217706126852316384e+00 7.865636935248984662e-02
1.241738182075786234e+00 7.862750321918347829e-02
9.828968158967378299e-01 1.444624361139444646e-01
9.641878861196871986e-01 1.588669141803647766e-01
1.221911596806856348e+00 7.865272712450765979e-02
1.004259902267579108e+00 1.283607763260798951e-01
9.948796568283438946e-01 1.335018359150073886e-01
1.053152448959035148e+00 1.040557232576026642e-01
9.547436931813797489e-01 1.707165155427817493e-01
1.010109499852625436e+00 1.247864776097808853e-01
9.430450601258941745e-01 1.826244574238157226e-01
9.529682043703292527e-01 1.732355708135718264e-01
1.014002056581770672e+00 1.230659782121314022e-01
9.876647216660041639e-01 1.404066283059695053e-01
9.816710588303408924e-01 1.452415800681653157e-01
1.227459961344337547e+00 7.863406367511227568e-02
9.798024818675431513e-01 1.465018764877749902e-01
9.580524380618831159e-01 1.673734464855091142e-01
9.143329332183043334e-01 2.311283001986283447e-01
9.093629404255888504e-01 2.440644498356209224e-01
9.343700615874788173e-01 1.954031381791577204e-01
1.048054655805085167e+00 1.053179208358526464e-01
9.340848544587343483e-01 1.955878240680323232e-01
1.085247523967675320e+00 9.488101353593450527e-02
9.904953628974166868e-01 1.376654085067927913e-01
1.028740167222998325e+00 1.150787781966651768e-01
9.185461796029454895e-01 2.222035961798109194e-01
9.597336924630606170e-01 1.640087027433095035e-01
9.666650374754699460e-01 1.581060116970890439e-01
9.711403766483980293e-01 1.537509258349363250e-01
9.609835852667842904e-01 1.614471135174999905e-01
9.595619059738564882e-01 1.643591366511307217e-01
9.352967953086671615e-01 1.938533441229096932e-01
1.019278880267538545e+00 1.194716445897257284e-01
9.395305897534617090e-01 1.865500729611579700e-01
9.720513079457745453e-01 1.533830464356553958e-01
1.044127895206516943e+00 1.066975939208417434e-01
1.006852602778095296e+00 1.257424803600767915e-01
1.039748927150399460e+00 1.099853705542205851e-01
9.345596288816424568e-01 1.951829980340291648e-01
1.053114636264258275e+00 1.044448176372461262e-01
9.363159898857625896e-01 1.914235585826706831e-01
9.296491248659378703e-01 2.032898071769956572e-01
1.222042910118176229e+00 7.863805502284995641e-02
1.042738434687703553e+00 1.080011904630581443e-01
1.034483079007582296e+00 1.117802448165978874e-01
1.041783534629859620e+00 1.083740652163989876e-01
9.900920753909729921e-01 1.376729528378909939e-01
9.932361915962246712e-01 1.342332444755622300e-01
9.293602650025953871e-01 2.052837563547335875e-01
1.035169139927812010e+00 1.114679519459648993e-01
9.723927932043197053e-01 1.533192984495412026e-01
1.085336277848926834e+00 9.471277990391180346e-02
9.278201974730175827e-01 2.062380174536375677e-01
9.505720487289922582e-01 1.742018677957379857e-01
9.680985589605354269e-01 1.570602448450249267e-01
9.746883924240975494e-01 1.510982403892377479e-01
9.756764655600753677e-01 1.497562581491366229e-01
1.064222864472788022e+00 9.981683285285151974e-02
9.223961329168466339e-01 2.155142592647975031e-01
9.516106901026439857e-01 1.737670276557579385e-01
9.778927751983261807e-01 1.481055004643277440e-01
1.031152555000054205e+00 1.143605348513938857e-01
9.749121449231133996e-01 1.507460312634950061e-01
9.200198638216577907e-01 2.204138517606300807e-01
9.695282760601995342e-01 1.558847477099035983e-01
9.785825674477576230e-01 1.480187374500085695e-01
9.565176062924208855e-01 1.685947236302479391e-01
9.975694447896539252e-01 1.330613200112618355e-01
9.497468538078951417e-01 1.753179411813139132e-01
1.077293219774156263e+00 9.663993958938488227e-02
9.258105095584734379e-01 2.112844850225645832e-01
9.705787053785325247e-01 1.553126074700722226e-01
9.820199573698783491e-01 1.450586882955992585e-01
1.017471197855914777e+00 1.204499323672808125e-01
9.585101756820870733e-01 1.664842517867611837e-01
1.057511237787577718e+00 1.018604062225210855e-01
9.466669786287505994e-01 1.788876688472862686e-01
9.492346975362483397e-01 1.756591722972705716e-01
9.485507834947616290e-01 1.759260325816322801e-01
9.353788922774746162e-01 1.938234702102719920e-01
9.695518961690708926e-01 1.557110243968504448e-01
9.690770161407449290e-01 1.559036406339777137e-01
9.142601113167444504e-01 2.346732774261683918e-01
9.205942234591869555e-01 2.179509527465098573e-01
1.024734559604687290e+00 1.165824947321107141e-01
9.453026392068153427e-01 1.793575685346190940e-01
1.240956571383143636e+00 7.863248953005960717e-02
9.302193802653659915e-01 2.008259367469294732e-01
9.415650499408397822e-01 1.854583385763467485e-01
9.567452605777968522e-01 1.674489100593982427e-01
9.337836210558713157e-01 1.956229442904866833e-01
9.795356258619173362e-01 1.466880129663241938e-01
9.440656175400400363e-01 1.820963191481417276e-01
9.326419212419417848e-01 1.969412578784235923e-01
9.498477424118627610e-01 1.748982197947097084e-01
9.405497158465856433e-01 1.865373945937369715e-01
9.443794492915651428e-01 1.816261637280411068e-01
9.675255707535941330e-01 1.577630160721604780e-01
9.320463545132658956e-01 1.993070063882096954e-01
9.792271954021654068e-01 1.476141919228499133e-01
9.836341235424859164e-01 1.435019849898446220e-01
9.664787950207800460e-01 1.581966253187342963e-01
9.394455817409926857e-01 1.881233194965025446e-01
9.921078624443938621e-01 1.365144388849061363e-01
1.070638260993723723e+00 9.741521994485585756e-02
1.080507176571196437e+00 9.594168253088250498e-02
1.246486190362677826e+00 7.862663268042018039e-02
9.826353376183598609e-01 1.445145018385263491e-01
1.026458558298005252e+00 1.151363093169089219e-01
1.009254244708605919e+00 1.255998789211864863e-01
1.170236205103676763e+00 7.987526155049556875e-02
1.167113583037750368e+00 7.995086651610562589e-02
9.881159882880425904e-01 1.393266193788106899e-01
1.031682800400893996e+00 1.140365017515759527e-01
1.122404042137485902e+00 8.426149841812043129e-02
1.060849598952666728e+00 1.018560035485609611e-01
1.208016209646830097e+00 7.867938747394326304e-02
1.081607467705768988e+00 9.546304475471036055e-02
1.132173134559066874e+00 8.280986964975117770e-02
1.090735424598863856e+00 9.209184222903905870e-02
1.002703809924126555e+00 1.286288976338628154e-01
1.011247616241154779e+00 1.241613312277354414e-01
1.124957489917048692e+00 8.298571054897052601e-02
1.196759826854219888e+00 7.876136450656193166e-02
1.078153682362387622e+00 9.632337286683517741e-02
1.105288551243323480e+00 8.978180965572393757e-02
1.087945604647157838e+00 9.329048486279793717e-02
1.097195917016521305e+00 9.027152421276209149e-02
9.999323926350389691e-01 1.305599577654868726e-01
1.102916410909531741e+00 8.982833480418599137e-02
9.752645121565857167e-01 1.500909950965585438e-01
1.186753241290402494e+00 7.887828135839831944e-02
1.097049947721646879e+00 9.031541995022956959e-02
1.079565546204900972e+00 9.611552168275754038e-02
1.094848785743336883e+00 9.193405202810861487e-02
1.096918161288709115e+00 9.036215552951992747e-02
1.000378386284256127e+00 1.302919513950074326e-01
9.812089315564591629e-01 1.458763290622738240e-01
1.068776955390615457e+00 9.813751915926040292e-02
1.074417776555011139e+00 9.699104324901690333e-02
9.839923080859875881e-01 1.414285033402180036e-01
9.688333777070273767e-01 1.564860280680250015e-01
1.146482712219761391e+00 8.035414933396267667e-02
1.045461225062467081e+00 1.063118523076190952e-01
9.872036882755242937e-01 1.406760835142854826e-01
1.109859842205978442e+00 8.687481457150592057e-02
1.238443206888574011e+00 7.863301460423176292e-02
1.191547420953189773e+00 7.876254466737764304e-02
1.143875667050511691e+00 8.205329862636656646e-02
1.143484246761997891e+00 8.246806536979331415e-02
1.143344998787684030e+00 8.279464022394544820e-02
9.687786909344843211e-01 1.564907153179566912e-01
1.108121640735977520e+00 8.852964013385641873e-02
1.006129507279417634e+00 1.264474534178514076e-01
1.031964007560203456e+00 1.121100010423978083e-01
1.110189049185758225e+00 8.633033716135898872e-02
1.174186205115798964e+00 7.904232022407059466e-02
1.005451951434922275e+00 1.268692537934857367e-01
1.016195774228743964e+00 1.219039640087872522e-01
9.239969280638885563e-01 2.137024114075598835e-01
9.997601029622086299e-01 1.309198617230405703e-01
1.040135150018426602e+00 1.085746523532235552e-01
1.019668816647757881e+00 1.194118039079826582e-01
9.965461614951590663e-01 1.333534057523622918e-01
1.011696249062102648e+00 1.231645614929063742e-01
9.271053145189805944e-01 2.071348969353663527e-01
1.086223556475137464e+00 9.459658822819429214e-02
1.030219139457320576e+00 1.144010063430788149e-01
1.063701431965268451e+00 9.990016385669911458e-02
1.042956490487101151e+00 1.077638034193234839e-01
1.020843178933566131e+00 1.184378570263435043e-01
1.050752951997434792e+00 1.049495053953209273e-01
1.066320330282407580e+00 9.955483013988514207e-02
9.264667238774011437e-01 2.095988683021708376e-01
9.428790604304888578e-01 1.837039154530113461e-01
1.171814254571187597e+00 7.954248734653129871e-02
