9.604520042928540446e-01 1.978271494001560271e-01
1.032154844496124158e+00 1.446174767835903263e-01
1.202585316040433616e+00 8.712640907277588442e-02
1.231889885628104198e+00 8.156791954016393009e-02
9.571297953505822909e-01 2.008702739002779236e-01
1.201433669981436747e+00 8.735830926860232992e-02
8.447844068751918511e-01 4.112713181074165725e-01
1.199178178118570193e+00 8.781028774420747418e-02
8.376833822052244249e-01 4.458357116640024875e-01
1.205652674003113489e+00 8.650750392719619430e-02
8.369557252666131042e-01 4.528597741165315549e-01
1.207920453463022348e+00 8.605341849032986656e-02
8.592865681218273544e-01 3.619379738982682615e-01
1.154044777121804755e+00 9.790763971468320614e-02
1.203981601407723145e+00 8.688078251471779978e-02
8.787347708060156970e-01 3.123165415878580431e-01
8.793759104976383023e-01 3.110901372337576687e-01
8.498849100476306706e-01 3.895061479406083382e-01
8.539611248259306731e-01 3.778703186097204236e-01
8.403156871153104612e-01 4.226684162438294479e-01
9.147154329268090134e-01 2.503510311459469784e-01
8.433480406987005074e-01 4.198336348178918764e-01
8.665027299200357414e-01 3.423414125836725663e-01
1.093822852071459906e+00 1.171568814248823975e-01
8.800002536299751377e-01 3.096416920261805816e-01
1.194865560419952732e+00 8.867702186269253717e-02
8.816252368355746993e-01 3.063202489702718245e-01
8.471957011925838055e-01 3.983135888649773082e-01
8.493591898949693908e-01 3.932891796666367901e-01
8.752577302650984548e-01 3.201798974736847492e-01
8.533366508024412544e-01 3.799075599665841518e-01
8.485145773798629110e-01 3.954150687664972352e-01
8.649207266438525554e-01 3.468478174054600571e-01
8.392011326821308126e-01 4.271658732176637496e-01
8.462761129873125343e-01 4.002924441563986413e-01
1.017153161981250165e+00 1.538460334055523071e-01
1.142364807603466259e+00 1.013808668623407544e-01
8.497640058563662446e-01 3.906980290135961820e-01
9.141420493740054498e-01 2.506107007373766793e-01
9.291067618012925911e-01 2.312579196971267792e-01
1.187287725074238631e+00 9.026280191527172314e-02
8.674411923182596684e-01 3.398685098030502783e-01
9.565105880224911150e-01 2.013581093354009088e-01
1.174206322374758749e+00 9.358620293873162743e-02
8.454287611999590224e-01 4.044831327432173995e-01
8.373069020204194635e-01 4.483911063283349541e-01
9.581409790795151205e-01 2.001698800217134588e-01
9.122107796135653368e-01 2.530569358547105074e-01
1.084134521073390811e+00 1.208449310964236356e-01
1.198739817726975687e+00 8.789766826632333663e-02
1.134334362530409646e+00 1.037898338545853449e-01
1.195252511563964282e+00 8.859781042929920636e-02
8.809489274827558836e-01 3.076794668124046561e-01
9.995366973853845316e-01 1.660194297894714843e-01
1.200680852253383835e+00 8.750987819110345178e-02
8.802337594375873042e-01 3.091891076020797380e-01
1.086844839164478937e+00 1.197696333885239633e-01
1.142541537268191743e+00 1.011979546934972524e-01
1.228156682656805554e+00 8.224745347769045478e-02
8.768292678011508912e-01 3.164321558050738892e-01
1.078649603393970757e+00 1.230469660708779084e-01
8.415878929362827776e-01 4.220964359970875157e-01
1.021825371997380660e+00 1.508065077918963881e-01
8.713946324200225746e-01 3.296474578182254089e-01
8.505470290640306796e-01 3.883782492539049613e-01
9.196728304251160502e-01 2.428626043888216790e-01
1.194904597719764094e+00 8.866903116048820144e-02
8.737430097110856497e-01 3.240343397897667566e-01
9.589424508469951425e-01 1.990781089324530906e-01
1.218525461126615195e+00 8.401828768510737067e-02
1.110314702453561120e+00 1.115001722425273123e-01
9.563386848840325083e-01 2.016368670436243793e-01
8.529499632650153762e-01 3.804904457519490690e-01
1.153604022628467840e+00 9.854182917101192429e-02
1.200538780901769798e+00 8.753849253308496059e-02
8.716096621220815743e-01 3.294400299984674985e-01
9.041579976206880476e-01 2.658760838354013445e-01
1.081945510958798762e+00 1.217200273136628957e-01
8.773580422713824767e-01 3.155210832111933761e-01
8.815393631570116462e-01 3.066013295357719048e-01
9.238804883345890229e-01 2.377110886875270224e-01
1.166483957660824800e+00 9.481000974465396414e-02
1.108817394326798489e+00 1.118975949364438144e-01
1.075011567660466349e+00 1.245681915016090407e-01
1.104537486805785784e+00 1.133519434592650671e-01
1.031657753075844175e+00 1.449302315924351214e-01
8.789098409830475855e-01 3.120996070236970454e-01
1.174923473906114957e+00 9.292447127148406594e-02
1.014173632776280254e+00 1.557909372003039028e-01
8.567566888679044590e-01 3.691112428973209458e-01
1.019444575215599835e+00 1.523492823070436430e-01
1.183714524709838400e+00 9.102944756294874262e-02
9.715107697278102528e-01 1.880968490113076319e-01
1.062150577981447075e+00 1.303108820418900637e-01
1.004736374405462929e+00 1.623047272179903022e-01
8.481149083937701283e-01 3.963268669295078594e-01
1.081412556807195058e+00 1.219329081734608078e-01
1.013493100811798442e+00 1.563408886285908850e-01
9.653779745519236455e-01 1.932751070413134542e-01
9.234682013795892930e-01 2.385722037500893344e-01
1.168107340181146148e+00 9.450986450196946498e-02
1.016867624127791858e+00 1.540515766879393122e-01
9.112992922630877013e-01 2.546640345775694203e-01
1.100162281389488017e+00 1.148272695862996573e-01
1.139292723844459010e+00 1.025014998442986547e-01
1.154599690678480339e+00 9.775959207301281040e-02
9.312986908206997150e-01 2.288260878538079524e-01
9.961998717300193373e-01 1.691078684198015492e-01
1.186253211071493618e+00 9.052773849752195068e-02
1.085168371447921443e+00 1.205821099615703579e-01
8.790793419030100697e-01 3.119989330097628355e-01
1.192312614196494147e+00 8.920046101846049180e-02
8.782947075491104316e-01 3.134206074145287069e-01
8.651003070642454551e-01 3.461004703995894105e-01
8.525598355675907403e-01 3.821653223912228059e-01
1.089480504265444294e+00 1.187480322971590091e-01
9.560155245530581603e-01 2.022775861684024956e-01
8.594986170615596111e-01 3.612034767205270502e-01
1.195311454423157560e+00 8.858574449331019229e-02
9.285127409405199428e-01 2.319653647903837101e-01
8.537629209174415479e-01 3.782079995758552693e-01
1.101602465812677289e+00 1.144197757887281813e-01
9.991406575265143752e-01 1.663381450434772424e-01
9.152147233730081322e-01 2.488391573277164703e-01
1.080925017491833229e+00 1.221271176643276279e-01
1.148316551133266028e+00 9.950951252708151173e-02
1.082105758415011998e+00 1.216582278540460638e-01
8.907735767930340387e-01 2.895107511324063743e-01
9.644459802959701733e-01 1.940849446490669206e-01
1.125106065494731578e+00 1.066265220543961834e-01
1.122362174437664839e+00 1.073811508825793376e-01
9.482369587661970689e-01 2.107253621198328097e-01
1.152157037648050109e+00 9.855290693385271306e-02
1.001041253583006219e+00 1.650786225980972466e-01
1.158510765212831695e+00 9.672719795843694179e-02
1.107866620455064233e+00 1.121986771262086097e-01
1.142041459480683363e+00 1.014246559220227800e-01
1.044865552586797364e+00 1.381863458402622369e-01
1.095615677761521578e+00 1.164554686655433352e-01
9.579063996398121672e-01 2.002725474682728879e-01
1.180997598625358691e+00 9.160707764533733422e-02
8.838050052808641421e-01 3.029932730697390553e-01
9.008151416193497241e-01 2.713145166340319991e-01
1.008836272594006989e+00 1.597778422661126074e-01
8.697705803439523820e-01 3.337774601282048059e-01
9.696028199961208571e-01 1.897670181243658050e-01
1.139765294586202904e+00 1.022540258605817015e-01
8.824886091512892383e-01 3.047515039873417986e-01
9.774183561975283707e-01 1.829512089053542401e-01
1.068793841097141817e+00 1.273501070641391286e-01
9.137384523074439935e-01 2.510317250023538227e-01
9.657166479028354011e-01 1.932615906295706010e-01
1.014100001260310968e+00 1.558993496439754212e-01
9.153515204085173051e-01 2.485685795603921611e-01
9.017640254617802498e-01 2.696941298505897699e-01
1.092753104912332462e+00 1.175026278859325479e-01
9.166008688487292666e-01 2.472904424368835008e-01
9.433520220025241043e-01 2.156989790297205445e-01
1.033738973926056515e+00 1.440709933422363864e-01
8.810587559787391720e-01 3.076413830770197144e-01
9.048467062020235652e-01 2.644114587839446751e-01
1.176494490173166874e+00 9.257892632356362617e-02
8.569485869115551768e-01 3.690873868109025291e-01
8.590036125424621583e-01 3.626616168662569750e-01
1.076225502342513796e+00 1.242680209289801080e-01
1.005311729999902148e+00 1.619688813867950772e-01
9.069943280799548369e-01 2.616273726100450392e-01
1.104281158945474406e+00 1.133953194805886050e-01
9.984380555175961236e-01 1.668100652165089570e-01
1.103479211413712191e+00 1.136775719806969315e-01
8.575525750870306441e-01 3.668627645143325844e-01
9.088027561065527005e-01 2.584021040553640125e-01
9.220509039808388874e-01 2.400807736856899466e-01
9.839354843510874638e-01 1.777685786159600712e-01
9.759832000667143515e-01 1.851654029392582335e-01
1.161854738878637550e+00 9.624220517296018518e-02
8.496497504312949811e-01 3.926912574972256653e-01
9.201031818859101152e-01 2.423756899083356620e-01
1.030601582371289071e+00 1.455095686775812469e-01
1.076941548397044146e+00 1.238450380475736579e-01
9.704494302750524826e-01 1.889094541867027133e-01
8.486598641674211185e-01 3.942962821310747046e-01
8.754450026992237621e-01 3.198975778568330375e-01
8.497958542251269343e-01 3.903259611950977703e-01
1.042464039708817847e+00 1.393386495119586510e-01
9.001848896539906830e-01 2.725390742552288303e-01
1.099258247986316217e+00 1.154793449298166935e-01
8.744633075905015041e-01 3.219162618002646692e-01
9.311693138487852073e-01 2.293859499303926019e-01
1.011726699057565071e+00 1.574071627397309048e-01
9.107702323338150441e-01 2.551366377699615939e-01
1.055918868858452431e+00 1.329590376738666868e-01
9.347131866863253036e-01 2.249176444920878148e-01
1.130796865649133398e+00 1.049526411061521697e-01
9.779757741201090537e-01 1.828319717439802761e-01
1.038141869298709219e+00 1.420986491805208696e-01
8.934008403024030764e-01 2.843409664543121718e-01
1.023240027952733167e+00 1.501214152009003877e-01
9.590705485996642299e-01 1.989596498152326476e-01
1.014631837794918390e+00 1.554736968931723085e-01
8.933297020394869170e-01 2.861082673284912059e-01
9.252809436190243542e-01 2.370148232965962609e-01
9.213470616958439052e-01 2.410346165651701122e-01
1.026184674559341703e+00 1.480472849881064312e-01
1.048832454742781639e+00 1.369540850836759027e-01
9.174656993709148223e-01 2.456416546236826204e-01
8.708361964920473541e-01 3.322524598225734538e-01
1.004736295809953495e+00 1.623987371183701622e-01
9.040645704171430541e-01 2.682743182227844692e-01
9.383007071563516099e-01 2.204677202075506215e-01
1.145925461136280799e+00 1.002356941057939849e-01
8.743593389413037986e-01 3.221247535383131577e-01
1.074553566938827309e+00 1.255281841544669819e-01
1.075787508276845994e+00 1.242940881936652753e-01
1.047005229291573691e+00 1.371888675498953991e-01
8.682547609629439611e-01 3.385709184787799031e-01
9.118505720712962725e-01 2.537068093449915129e-01
1.107014944746251839e+00 1.127372282480084142e-01
8.671468494566221263e-01 3.411456055479155647e-01
1.109739512893009428e+00 1.116660518607198449e-01
8.618540288809347638e-01 3.564500131584991127e-01
1.115064621690007307e+00 1.098618712637476902e-01
8.603317588440333452e-01 3.592038133548093315e-01
1.120758865871682941e+00 1.084643770101191007e-01
9.200115035987884715e-01 2.424572788559896941e-01
1.178156973419002940e+00 9.221471256326727040e-02
1.045377669415758382e+00 1.381273509770426511e-01
9.868113124592826635e-01 1.763238979233503478e-01
9.537936358993407415e-01 2.040659068089309414e-01
1.050240410327685003e+00 1.355889352413908178e-01
8.864454977572167049e-01 2.969676651225927055e-01
1.117841498987270921e+00 1.088685182284976211e-01
9.227893844648170640e-01 2.390815808689912836e-01
9.422047464801848182e-01 2.161092960756154091e-01
1.006141822413439080e+00 1.611685945451785118e-01
9.366604604500464726e-01 2.233603945402641289e-01
8.377461587894705630e-01 4.371137221876051915e-01
9.647131937218049735e-01 1.938570259536686047e-01
1.054369966181478047e+00 1.339422729014595748e-01
9.823764417950440198e-01 1.791760098244260802e-01
1.026378451672622205e+00 1.479558422320703948e-01
9.206110107825415945e-01 2.417297796746758765e-01
8.976080622523875396e-01 2.779587782141496599e-01
9.602602841547125401e-01 1.978752618605173763e-01
9.337361896923248583e-01 2.267809791981868495e-01
9.637152009534287744e-01 1.948775760515842614e-01
1.065891735191687228e+00 1.284346355471468193e-01
1.077145238330359911e+00 1.237884178918337019e-01
1.133695544720865200e+00 1.042518380197745426e-01
9.046052289785521117e-01 2.652672501363310120e-01
9.200393680615519543e-01 2.423913862889861548e-01
8.548348055251188127e-01 3.769849873610589541e-01
9.500831320078008124e-01 2.101298770450193421e-01
1.020879312757735136e+00 1.514324033983794060e-01
9.940291559077946149e-01 1.713041090863947347e-01
8.676511649846619934e-01 3.396765597538716208e-01
9.795257621689557048e-01 1.828059272766786314e-01
1.072633659845948273e+00 1.260769280211758159e-01
9.381868455888605629e-01 2.227046307762738930e-01
9.248249043021112836e-01 2.370291410413083721e-01
8.759939116575589102e-01 3.183283058601720228e-01
9.530684137759892760e-01 2.056826354698321480e-01
8.767139175364362380e-01 3.176785085907610218e-01
9.554116273333255194e-01 2.030238950371273110e-01
9.320972992589658945e-01 2.285995807312737049e-01
1.067726478538372215e+00 1.277269511296387772e-01
8.826879388644222058e-01 3.041893154095212104e-01
9.595064127762349404e-01 1.985858145554099952e-01
8.869429074234337351e-01 2.963903847554228421e-01
9.047193184394625165e-01 2.646651830758784962e-01
8.893206124958735748e-01 2.921194450194651848e-01
9.666613766829191823e-01 1.922973267058236124e-01
9.324216165172803938e-01 2.281602240561339812e-01
9.693124515160692622e-01 1.909042278950096594e-01
9.873649161499481464e-01 1.753411557880458771e-01
8.814077062306419075e-01 3.067346228486078075e-01
1.108407935145745205e+00 1.120398817820799225e-01
1.028286473210724639e+00 1.472090122472227425e-01
9.014987210212443980e-01 2.702186443594306042e-01
8.583801764149645575e-01 3.647779290172316613e-01
1.017015050513324415e+00 1.540262512555868601e-01
9.127258589944322598e-01 2.525103580849359930e-01
9.956034223943941441e-01 1.695520852677706025e-01
8.714560420199147783e-01 3.294893642638110354e-01
1.034531941205327099e+00 1.435795931458395958e-01
8.775565481786737898e-01 3.152544522970210927e-01
1.069712577193055347e+00 1.270182963528241893e-01
9.766211603867512858e-01 1.841297971874472084e-01
1.000036562715310939e+00 1.656282246061253904e-01
8.688561394472902322e-01 3.361063789618251030e-01
9.673926295044715795e-01 1.918941248179250048e-01
8.559883577672529054e-01 3.713676151188677887e-01
1.105171110559663106e+00 1.131686855643884437e-01
8.887199742512760237e-01 2.927230435640061912e-01
1.077340851880973061e+00 1.236301935182641532e-01
9.856945588065867403e-01 1.771901470975626169e-01
1.018322512566714799e+00 1.537089254852340436e-01
1.003982324143402050e+00 1.633504081080770221e-01
9.372424662309291055e-01 2.228075085823471302e-01
8.904002632887025870e-01 2.906353354425423308e-01
