1.350516360965214744e+03 2.397606942326568742e+02 1.717618395152123867e+02 1.841309304218955276e+03
1.345464815949402237e+03 2.602831337717805695e+02 1.717804300703050444e+02 1.838419908352754419e+03
1.349876479095857121e+03 2.366629271729880770e+02 1.678060008959786842e+02 1.842699029581350032e+03
1.409682985215963754e+03 2.967239146442077526e+02 1.650935156548199529e+02 1.944377883236561274e+03
1.408099553967900647e+03 3.044377409466621884e+02 1.782718727676068795e+02 1.940314038773879020e+03
1.366674520378526495e+03 2.604487068813343740e+02 1.651324000097980900e+02 1.864580161940269818e+03
1.350834207416596655e+03 2.660859118018611866e+02 1.564325325304748731e+02 1.856070528318286051e+03
1.500000000000000000e+03 5.743626362753573176e+02 3.016317869415395307e+02 2.000000000000000000e+03
1.388978759807325332e+03 3.009047964721910375e+02 1.688656913461659315e+02 1.913859673832972931e+03
1.395215590950320347e+03 2.823705448568145471e+02 1.702499880580216711e+02 1.918567776661893276e+03
1.500000000000000000e+03 5.602921841366332956e+02 2.518118518612719754e+02 2.000000000000000000e+03
1.499578586862307020e+03 5.721288640284134317e+02 2.964763544569383384e+02 2.000000000000000000e+03
1.500000000000000000e+03 5.839607242709616912e+02 3.162173450611926455e+02 2.000000000000000000e+03
1.490693267893795792e+03 4.588324868685772344e+02 2.205464159462601117e+02 2.000000000000000000e+03
1.423455591860622462e+03 3.048517344985492059e+02 1.734063822398363754e+02 1.941494384177566644e+03
1.496426631403438705e+03 4.425170779520561268e+02 2.535534302171445802e+02 2.000000000000000000e+03
1.458118893632637537e+03 2.993790801361441822e+02 1.782690136453622927e+02 1.970791774178286687e+03
1.500000000000000000e+03 5.398857566981257605e+02 3.059559946051768407e+02 2.000000000000000000e+03
1.500000000000000000e+03 5.319302464892227817e+02 2.516761508608663860e+02 2.000000000000000000e+03
1.498433736496805750e+03 3.988273837571604759e+02 1.850296850763817531e+02 2.000000000000000000e+03
1.493923813766998364e+03 4.765741861438922911e+02 2.782431414376175098e+02 2.000000000000000000e+03
1.494927751002231162e+03 3.947275718531727762e+02 1.812465975481173075e+02 2.000000000000000000e+03
1.500000000000000000e+03 5.852198133356619110e+02 2.561418050327303604e+02 2.000000000000000000e+03
1.390607268593513936e+03 2.831904781554442252e+02 1.670600867367628553e+02 1.915298847836411142e+03
1.500000000000000000e+03 4.517222793822714948e+02 2.513442956701859998e+02 2.000000000000000000e+03
1.500000000000000000e+03 6.451280588038021051e+02 3.273218253623862779e+02 2.000000000000000000e+03
1.500000000000000000e+03 5.568421661714210131e+02 2.343470047561578440e+02 2.000000000000000000e+03
1.403148311302917136e+03 2.915694849511878601e+02 1.645426398004634621e+02 1.924563744722381671e+03
1.500000000000000000e+03 5.294371398676148601e+02 2.778809233065597937e+02 2.000000000000000000e+03
1.448527297927193558e+03 2.802334150761182627e+02 1.914341362372470883e+02 1.973765909687034309e+03
1.477722416392228979e+03 3.389947289212332748e+02 1.801582164101173760e+02 1.990069452463263588e+03
1.500000000000000000e+03 5.880414456444998450e+02 3.560367500126931191e+02 2.000000000000000000e+03
1.500000000000000000e+03 5.434977054046074727e+02 2.561327690660187386e+02 2.000000000000000000e+03
1.393284693333568384e+03 3.038241417140325211e+02 1.653188391279609846e+02 1.925393728528659494e+03
1.379431577256701985e+03 2.703180185391527175e+02 1.694579064215904793e+02 1.900004432873414771e+03
1.429790297474468161e+03 3.070273735181519328e+02 1.839676681355726657e+02 1.950621506709323285e+03
1.500000000000000000e+03 5.484489351454215011e+02 2.847100586396520612e+02 2.000000000000000000e+03
1.386694700315779301e+03 2.743173495340813588e+02 1.743130429093565681e+02 1.908133178792591480e+03
1.500000000000000000e+03 6.483810395028839366e+02 3.321120037070133435e+02 2.000000000000000000e+03
1.478521589689626353e+03 3.920635329324906593e+02 1.685683798779623430e+02 1.995758033324138296e+03
1.378429794560855044e+03 2.578879533275724043e+02 1.570367178278962115e+02 1.899106273260135822e+03
1.500000000000000000e+03 5.865234145786837416e+02 3.449511643029343873e+02 2.000000000000000000e+03
1.497172053796365617e+03 4.854951258704282964e+02 2.220984672739450048e+02 2.000000000000000000e+03
1.403855666159391149e+03 2.882959066695897832e+02 1.735420713426949817e+02 1.920426961177208341e+03
1.378805808574162711e+03 2.770047967059655321e+02 1.773897451494212589e+02 1.905184917099103586e+03
1.500000000000000000e+03 5.709614797530654187e+02 2.598331919736150439e+02 2.000000000000000000e+03
1.500000000000000000e+03 8.608636635635868970e+02 4.743374862225091988e+02 2.000000000000000000e+03
1.500000000000000000e+03 7.544804789394393083e+02 4.033140396401183239e+02 2.000000000000000000e+03
1.500000000000000000e+03 3.976676271227875077e+02 2.249995625702144650e+02 2.000000000000000000e+03
1.500000000000000000e+03 6.581031783679190994e+02 3.461798927938091310e+02 2.000000000000000000e+03
1.353921481390852023e+03 2.751751345181550050e+02 1.717539707063857009e+02 1.852775814675478159e+03
1.500000000000000000e+03 3.931821405606509643e+02 2.186220788054747004e+02 2.000000000000000000e+03
1.500000000000000000e+03 8.973258084646457746e+02 4.850536654275250612e+02 2.000000000000000000e+03
1.383362812548370584e+03 2.590194360749579232e+02 1.653997269444876395e+02 1.895073241212751100e+03
1.500000000000000000e+03 3.039671519872297836e+02 1.754656623907073367e+02 2.000000000000000000e+03
1.500000000000000000e+03 4.209360406838905533e+02 1.899373822916573431e+02 2.000000000000000000e+03
1.500000000000000000e+03 3.198078153845585234e+02 1.850146523882152678e+02 2.000000000000000000e+03
1.482316146455350463e+03 3.026484632630584883e+02 1.717733362389529361e+02 1.985803855108471453e+03
1.500000000000000000e+03 7.105048149124911561e+02 3.815181564550557596e+02 2.000000000000000000e+03
1.475834385623360731e+03 3.004939010503103987e+02 1.706092579617537126e+02 1.979567515540205250e+03
1.500000000000000000e+03 9.511945929584589976e+02 4.836243644021213299e+02 2.000000000000000000e+03
1.500000000000000000e+03 3.735439820880046682e+02 1.850113563019173171e+02 2.000000000000000000e+03
1.500000000000000000e+03 8.544065769894060622e+02 4.576759408964907152e+02 2.000000000000000000e+03
1.487677724297002896e+03 3.547611978663885566e+02 2.042188911948449856e+02 1.987548159512025904e+03
1.500000000000000000e+03 3.531829870982894590e+02 2.108999422397453714e+02 2.000000000000000000e+03
1.500000000000000000e+03 8.350279655806452865e+02 4.232835120738157002e+02 2.000000000000000000e+03
1.500000000000000000e+03 6.868357788141850051e+02 3.322848788840599354e+02 2.000000000000000000e+03
1.500000000000000000e+03 7.853840651989431763e+02 3.896132783935571524e+02 2.000000000000000000e+03
1.351948657799215198e+03 2.385326528929159622e+02 1.707043578771059060e+02 1.844520631978507936e+03
1.500000000000000000e+03 7.383825421695148634e+02 3.786191630234407057e+02 2.000000000000000000e+03
1.449407138737690730e+03 2.972303422319318997e+02 1.669274684854815405e+02 1.956386457739096386e+03
1.494957314423131038e+03 3.819211510008191226e+02 2.173181795937528591e+02 1.993197340242426662e+03
1.372501510344848839e+03 2.659686903744577648e+02 1.694643618441284048e+02 1.868154079034847427e+03
