6.783006745750231881e-01 3.689941681907094595e-01
6.783587195147268156e-01 3.661890822338035867e-01
6.780054857981366867e-01 3.698065854742579872e-01
6.846809920987763087e-01 3.525295178108455718e-01
6.859173928531162590e-01 3.514351124987400432e-01
6.796185993987754470e-01 3.638082016922173367e-01
6.790437920543836992e-01 3.651351404670776790e-01
7.676102519624480314e-01 3.333923214987508099e-01
6.837249645648401097e-01 3.550667048529813630e-01
6.825459607352607483e-01 3.560241484794380296e-01
7.501193552876164183e-01 3.337843435211527154e-01
7.655642598591447801e-01 3.334404833398438850e-01
7.738529275059559120e-01 3.333346258111145044e-01
7.235201455420867678e-01 3.355521768342005773e-01
6.872461666536535674e-01 3.505940672513082057e-01
7.305161908039458085e-01 3.348019615624651668e-01
6.901106382383972448e-01 3.468546223387704019e-01
7.631085697535753276e-01 3.335239823431726536e-01
7.452661640035552759e-01 3.339108077346400472e-01
7.077983940654682948e-01 3.374975483766310957e-01
7.431142566021647911e-01 3.343831434379732070e-01
7.062794479364348232e-01 3.380228966858895845e-01
7.556282359919190839e-01 3.336466992681114130e-01
6.821706576953874279e-01 3.566227761889876335e-01
7.317700309872496867e-01 3.344910297376596509e-01
7.879385273416376068e-01 3.331869572452456074e-01
7.446661737188040586e-01 3.340685262937913014e-01
6.840715534683480259e-01 3.545826861604287616e-01
7.526001052688894299e-01 3.336716088744979825e-01
6.892375573186878546e-01 3.487574261951414956e-01
6.965634270345074652e-01 3.417680514703662076e-01
7.872347558506161969e-01 3.333073248685592960e-01
7.485165905188356783e-01 3.338063358296215477e-01
6.841774033818445178e-01 3.541094834460978835e-01
6.805431446085559166e-01 3.595678248409662769e-01
6.889755614477891532e-01 3.489065233032116464e-01
7.579235580229752856e-01 3.335505983508816885e-01
6.815759777083343351e-01 3.578523284096372659e-01
7.900251706781098449e-01 3.331788001022457646e-01
7.032832570000880912e-01 3.401227299640897650e-01
6.802791509313751428e-01 3.622657059641256061e-01
7.834344314552601496e-01 3.333118000243940338e-01
7.290972371017280240e-01 3.348949576520223181e-01
6.840875386759529553e-01 3.545340135398216130e-01
6.812886963812306851e-01 3.580584629047387502e-01
7.542617541406279047e-01 3.336509671184423875e-01
8.725343480075116176e-01 3.330028936856083144e-01
8.312253217050314946e-01 3.330637260407596778e-01
7.161779891953590216e-01 3.359538920646199522e-01
7.962017665947358491e-01 3.331648753792149087e-01
6.797042669039637941e-01 3.630673255209551642e-01
7.139186931723977558e-01 3.362253366018578826e-01
8.823516819551535662e-01 3.329921446446860722e-01
6.804747299657813997e-01 3.613905856809980222e-01
6.943264587712394409e-01 3.423096163286792892e-01
7.121247947744813178e-01 3.366459591688779618e-01
6.970932520834381974e-01 3.405711381517785852e-01
6.923286343470107518e-01 3.445413086511466272e-01
8.165937583325025839e-01 3.331030833659200385e-01
6.915122415727744665e-01 3.455710652859758092e-01
8.913509051499214353e-01 3.329903194088447704e-01
7.042531359395106660e-01 3.380910068167118920e-01
8.660813780223319824e-01 3.330048096100298727e-01
7.040547399181404931e-01 3.394509581165023882e-01
7.063420937430585633e-01 3.377324177888975654e-01
8.517058856118252530e-01 3.330162352399601566e-01
7.967636966288071942e-01 3.331332993935691711e-01
8.322615614225101766e-01 3.330455052852743236e-01
6.782966191331402106e-01 3.690494568372901796e-01
8.205209284939789516e-01 3.330732173848141575e-01
6.887885483970895839e-01 3.490783449154136742e-01
7.115942804417745293e-01 3.373270019803326636e-01
6.804474199910295340e-01 3.621937917696969600e-01
